0.4526679	140.3484
0.4624864	144.8784
0.4723049	145.7941
0.4821234	149.5103
0.4919419	158.8258
0.5017604	156.2876
0.5115789	156.705
0.5213974	166.0681
0.5312159	171.4133
0.5410344	176.0395
0.5508529	183.0589
0.5606714	193.5081
0.5704899	203.189
0.5803084	213.7747
0.590127	227.0188
0.5999455	255.9399
0.609764	275.1702
0.6195825	289.1797
0.629401	325.7211
0.6392195	336.6018
0.649038	335.8693
0.6588565	326.1889
0.668675	312.104
0.6784935	291.1218
0.688312	276.3476
0.6981305	264.52
0.707949	253.4663
0.7177675	248.0941
0.7275861	245.6988
0.7374046	242.8755
0.7472231	241.3254
0.7570416	240.0506
0.7668601	240.3616
0.7766786	240.51
0.7864971	240.9888
0.7963156	241.5524
0.8061341	242.1731
0.8159526	241.5875
0.8257711	241.6092
0.8355896	242.7937
0.8454081	245.6047
0.8552266	248.0492
0.8650451	246.6023
0.8748637	245.8067
0.8846822	245.1021
0.8945007	242.3931
0.9043192	241.7794
0.9141377	242.443
0.9239562	242.2311
0.9337747	242.6839
0.9435932	243.7802
0.9534117	245.3113
0.9632302	246.3161
0.9730487	247.7329
0.9828672	247.8916
0.9926857	247.9227
1.002504	248.3253
1.012323	248.9096
1.022141	249.0319
1.03196	250.4757
1.041778	250.8246
1.051597	251.0986
1.061415	252.0256
1.071234	253.1057
1.081052	254.314
1.090871	256.0184
1.100689	256.4955
1.110508	255.7707
1.120326	255.03
1.130145	253.8616
1.139963	251
1.149782	251.0567
1.1596	252.2329
1.169419	252.3273
1.179237	252.3981
1.189056	253.1569
1.198874	253.9941
1.208693	256.0811
1.218511	257.6903
1.22833	259.5045
1.238148	260.8181
1.247967	260.7025
1.257785	260.6844
1.267604	260.2938
1.277422	260.1394
1.287241	260.4632
1.297059	259.3082
1.306878	258.9933
1.316696	257.8477
1.326515	255.5587
1.336333	254.716
1.346152	254.3965
1.35597	253.5628
1.365789	253.0768
1.375608	252.7103
1.385426	251.7424
1.395245	251.2963
1.405063	251.2771
1.414882	251.087
1.4247	250.3233
1.434519	250.6199
1.444337	250.6157
1.454156	248.9955
1.463974	249.2846
1.473793	249.3832
1.483611	249.8817
1.49343	250.182
1.503248	250.3251
1.513067	251.0831
1.522885	250.8385
1.532704	251.5797
1.542522	252.9699
1.552341	253.8267
1.562159	255.2958
1.571978	256.2788
1.581796	257.0571
1.591615	257.7343
1.601433	257.46
1.611252	257.6174
1.62107	257.6717
1.630889	257.8345
1.640707	258.7334
1.650526	259.6384
1.660344	259.6039
1.670163	260.1621
1.679981	260.4532
1.6898	259.5887
1.699618	259.242
1.709437	258.9304
1.719255	257.7944
1.729074	256.4557
1.738892	254.5592
1.748711	253.757
1.758529	252.7535
1.768348	252.0921
1.778166	252.2594
1.787985	251.8815
1.797803	251.96
1.807622	251.5256
1.81744	252.0901
1.827259	252.4878
1.837077	253.0199
1.846896	253.692
1.856714	253.9304
1.866533	253.4035
1.876351	253.1686
1.88617	252.6663
1.895988	252.0519
1.905807	251.2123
1.915625	250.3649
1.925444	249.6077
1.935262	249.0687
1.945081	248.1109
1.954899	247.288
1.964718	246.3655
1.974536	246.7141
1.984355	247.0662
1.994173	246.6286
2.003992	245.4913
2.01381	245.4362
2.023629	244.5841
2.033447	244.2915
2.043266	245.0785
2.053084	244.6443
2.062903	243.4607
2.072721	241.619
2.08254	240.3249
2.092359	239.2104
2.102177	239.4557
2.111996	240.2687
2.121814	239.6567
2.131633	239.7635
2.141451	240.0371
2.15127	239.5858
2.161088	239.2692
2.170907	238.4888
2.180725	237.1269
2.190544	235.3304
2.200362	234.0825
2.210181	232.8196
2.219999	232.3593
2.229818	231.7324
2.239636	230.8556
2.249455	231.0126
2.259273	230.0724
2.269092	227.9862
2.27891	226.9644
2.288729	225.6606
2.298547	225.7019
2.308366	224.9613
2.318184	225.0997
2.328003	226.1405
2.337821	230.9598
2.34764	261.3671
2.357458	339.9308
2.367277	472.3338
2.377095	573.4697
2.386914	622.158
2.396732	576.9732
2.406551	461.7287
2.416369	340.3127
2.426188	253.9426
2.436006	223.5672
2.445825	216.1625
2.455643	212.6303
2.465462	210.1508
2.47528	208.3375
2.485099	207.9915
2.494917	206.8167
2.504736	205.9729
2.514554	205.181
2.524373	203.7
2.534191	201.8848
2.54401	200.8958
2.553828	199.5714
2.563647	197.9619
2.573465	196.3706
2.583284	195.0741
2.593102	193.5303
2.602921	192.4803
2.612739	191.4127
2.622558	190.6692
2.632376	189.9267
2.642195	188.5929
2.652013	187.1655
2.661832	186.1765
2.67165	185.0882
2.681469	184.2818
2.691287	183.8848
2.701106	183.2338
2.710924	182.2581
2.720743	181.8914
2.730561	181.5173
2.74038	180.199
2.750198	179.2641
2.760017	178.4314
2.769835	177.711
2.779654	177.4882
2.789472	177.5297
2.799291	177.519
2.80911	177.7475
2.818928	177.8943
2.828747	177.2606
2.838565	176.7721
2.848384	176.0399
2.858202	175.363
2.868021	175.4957
2.877839	175.9475
2.887658	176.4877
2.897476	177.9995
2.907295	178.7526
2.917113	179.4266
2.926932	180.5623
2.93675	182.0647
2.946569	183.8191
2.956387	187.0514
2.966206	191.6321
2.976024	200.0081
2.985843	218.1877
2.995661	300.4537
3.00548	569.9645
3.015298	1114.587
3.025117	1602.168
3.034935	1990.285
3.044754	1934.644
3.054572	1539.312
3.064391	1024.71
3.074209	535.2606
3.084028	278.6631
3.093846	207.6028
3.103665	189.6866
3.113483	181.3249
3.123302	175.7779
3.13312	172.213
3.142939	169.0397
3.152757	166.6943
3.162576	164.829
3.172394	162.9578
3.182213	161.7268
3.192031	160.4679
3.20185	159.7198
3.211668	158.796
3.221487	158.783
3.231305	159.0636
3.241124	159.2052
3.250942	158.7414
3.260761	157.8931
3.270579	156.2492
3.280398	154.4591
3.290216	153.1714
3.300035	151.9857
3.309853	151.2247
3.319672	150.5185
3.32949	149.4553
3.339309	148.9218
3.349127	148.6115
3.358946	147.6093
3.368764	147.357
3.378583	147.1228
3.388401	147.1833
3.39822	146.8985
3.408038	147.208
3.417857	146.978
3.427675	146.6098
3.437494	146.5716
3.447312	146.3656
3.457131	145.6693
3.466949	145.118
3.476768	144.4709
3.486586	143.9156
3.496405	143.5105
3.506223	143.1173
3.516042	143.0137
3.525861	142.7815
3.535679	141.9851
3.545498	141.1271
3.555316	140.3877
3.565135	139.6601
3.574953	138.9852
3.584772	138.9223
3.59459	138.6967
3.604409	138.5525
3.614227	137.897
3.624046	137.1746
3.633864	136.322
3.643683	135.6454
3.653501	135.3927
3.66332	135.2632
3.673138	135.0668
3.682957	135.0603
3.692775	135.037
3.702594	134.8758
3.712412	134.4469
3.722231	134.3867
3.732049	133.9788
3.741868	134.1615
3.751686	134.0961
3.761505	133.8541
3.771323	133.4102
3.781142	132.4241
3.79096	131.3281
3.800779	130.7682
3.810597	130.0696
3.820416	129.6591
3.830234	129.4503
3.840053	128.921
3.849871	128.3836
3.85969	127.8292
3.869508	127.7143
3.879327	127.6552
3.889145	127.6349
3.898964	127.8345
3.908782	128.1121
3.918601	127.5725
3.928419	127.0916
3.938238	126.831
3.948056	126.7413
3.957875	126.5878
3.967693	126.2613
3.977512	126.2461
3.98733	126.069
3.997149	125.9425
4.006967	125.9632
4.016786	126.0421
4.026604	125.6912
4.036423	125.286
4.046241	125.3268
4.05606	125.7461
4.065878	126.2064
4.075697	127.1868
4.085515	129.5555
4.095334	139.2497
4.105152	164.8963
4.114971	206.9464
4.124789	248.4937
4.134608	269.5922
4.144426	261.9843
4.154245	228.0259
4.164063	184.6391
4.173882	147.5761
4.1837	130.5484
4.193519	124.5903
4.203337	123.2745
4.213156	122.6551
4.222974	122.3951
4.232793	121.9076
4.242612	121.1036
4.25243	120.5555
4.262249	120.4082
4.272067	120.5441
4.281886	121.0956
4.291704	120.8845
4.301523	120.9422
4.311341	120.5335
4.32116	120.3827
4.330978	120.4591
4.340797	120.2707
4.350615	120.2728
4.360434	120.4449
4.370252	120.6003
4.380071	120.8157
4.389889	121.1679
4.399708	122.2993
4.409526	128.2768
4.419345	147.062
4.429163	185.9895
4.438982	230.9819
4.4488	263.7591
4.458619	267.7462
4.468437	243.1924
4.478256	199.973
4.488074	159.1972
4.497893	136.3494
4.507711	135.1699
4.51753	151.6362
4.527348	171.3657
4.537167	188.1498
4.546985	192.5901
4.556804	180.5629
4.566622	160.9018
4.576441	138.7327
4.586259	124.3731
4.596078	118.6366
4.605896	117.1707
4.615715	116.7889
4.625533	116.3264
4.635352	116.0143
4.64517	115.3163
4.654989	115.087
4.664807	114.7554
4.674626	114.8533
4.684444	115.6246
4.694263	116.1137
4.704081	116.0003
4.7139	116.1929
4.723718	117.3332
4.733537	122.881
4.743355	140.7044
4.753174	172.3864
4.762992	207.3885
4.772811	228.6449
4.782629	228.7762
4.792448	206.4561
4.802266	171.3186
4.812085	140.9769
4.821903	121.7785
4.831722	114.8596
4.84154	113.0397
4.851359	112.6827
4.861177	112.3746
4.870996	111.9688
4.880814	111.7697
4.890633	111.6266
4.900451	111.089
4.91027	111.0735
4.920088	110.9277
4.929907	110.4625
4.939725	110.4106
4.949544	110.367
4.959363	109.9079
4.969181	109.6897
4.979	109.6132
4.988818	109.7526
4.998637	109.9697
5.008455	109.9263
5.018274	109.9014
5.028092	109.5336
5.037911	109.2446
5.047729	109.1702
5.057548	109.5479
5.067366	109.8889
5.077185	110.7849
5.087003	113.6581
5.096822	123.621
5.10664	144.0452
5.116459	167.4198
5.126277	185.3956
5.136096	191.073
5.145914	177.3668
5.155733	155.8419
5.165551	133.0084
5.17537	116.8518
5.185188	109.9148
5.195007	108.0387
5.204825	107.8685
5.214644	107.5638
5.224462	107.3722
5.234281	107.0852
5.244099	106.9105
5.253918	106.5014
5.263736	106.4773
5.273555	106.4137
5.283373	106.3671
5.293192	106.4287
5.30301	106.5718
5.312829	106.5667
5.322647	106.3286
5.332466	105.7661
5.342284	104.8053
5.352103	104.061
5.361921	103.7097
5.37174	103.2007
5.381558	102.8196
5.391377	102.7882
5.401195	102.9355
5.411014	102.7593
5.420832	102.7899
5.430651	103.0512
5.440469	102.8668
5.450288	102.5884
5.460106	102.8121
5.469925	102.8854
5.479743	102.8926
5.489562	103.2391
5.49938	103.564
5.509199	103.6948
5.519017	104.654
5.528836	106.7082
5.538654	111.9596
5.548473	130.4829
5.558291	179.9606
5.56811	258.272
5.577928	333.0204
5.587747	387.2055
5.597565	382.0987
5.607384	332.1216
5.617202	254.0925
5.627021	178.3743
5.636839	135.5558
5.646658	117.9711
5.656476	110.3356
5.666295	105.8767
5.676114	102.8596
5.685932	100.7899
5.695751	99.57921
5.705569	98.58331
5.715388	98.14474
5.725206	97.74729
5.735025	97.28326
5.744843	96.92857
5.754662	96.74549
5.76448	96.40576
5.774299	96.38619
5.784117	96.38728
5.793936	96.01096
5.803754	95.77535
5.813573	95.74427
5.823391	95.45229
5.83321	95.5848
5.843028	95.31158
5.852847	95.15676
5.862665	94.94582
5.872484	94.94795
5.882302	94.82667
5.892121	94.91587
5.901939	94.60576
5.911758	94.29821
5.921576	93.90456
5.931395	93.64586
5.941213	93.67641
5.951032	93.68732
5.96085	93.91116
5.970669	93.84459
5.980487	93.92377
5.990306	93.97879
6.000124	94.08179
6.009943	94.45284
6.019761	95.0405
6.02958	97.20721
6.039398	104.2496
6.049217	121.5019
6.059035	147.6322
6.068854	175.6248
6.078672	193.224
6.088491	195.8259
6.098309	185.9531
6.108128	170.2578
6.117946	155.4754
6.127765	146.6821
6.137583	136.7365
6.147402	123.74
6.15722	109.3932
6.167039	100.0421
6.176857	94.2562
6.186676	92.74614
6.196494	92.5061
6.206313	92.32354
6.216131	92.38732
6.22595	92.64715
6.235768	92.24954
6.245587	92.14368
6.255405	91.73776
6.265224	91.2659
6.275042	91.04137
6.284861	91.74799
6.294679	92.82518
6.304498	94.41198
6.314316	96.03236
6.324135	96.2683
6.333953	95.53325
6.343772	94.00684
6.35359	92.0287
6.363409	90.58712
6.373227	90.13846
6.383046	89.90982
6.392865	89.76797
6.402683	89.56764
6.412502	89.38673
6.42232	89.27723
6.432139	89.02608
6.441957	89.04559
6.451776	89.0771
6.461594	89.19051
6.471413	89.24307
6.481231	89.56096
6.49105	89.74039
6.500868	90.41644
6.510687	90.81421
6.520505	91.4406
6.530324	92.86734
6.540142	96.24937
6.549961	107.6902
6.559779	142.0308
6.569598	201.4538
6.579416	265.9203
6.589235	314.0122
6.599053	321.139
6.608872	283.91
6.61869	224.4174
6.628509	159.7759
6.638327	116.3872
6.648146	98.86901
6.657964	92.52309
6.667783	90.53642
6.677601	89.87501
6.68742	88.96154
6.697238	88.46038
6.707057	88.47569
6.716875	88.06505
6.726694	87.79514
6.736512	87.85588
6.746331	87.72631
6.756149	87.42527
6.765968	87.44826
6.775786	87.20754
6.785605	86.84817
6.795423	86.74939
6.805242	86.67043
6.81506	86.47448
6.824879	86.38578
6.834697	86.23511
6.844516	86.12559
6.854334	86.30375
6.864153	86.44372
6.873971	86.6957
6.88379	86.63478
6.893608	86.68457
6.903427	86.46258
6.913245	86.43289
6.923064	86.49315
6.932882	87.0407
6.942701	87.84287
6.952519	90.38741
6.962338	96.55089
6.972156	106.952
6.981975	119.5397
6.991793	128.5439
7.001612	130.1889
7.01143	123.2787
7.021249	111.0594
7.031067	99.2653
7.040886	91.33801
7.050704	87.68158
7.060523	86.31116
7.070341	85.91298
7.08016	85.5657
7.089978	85.30412
7.099797	84.84898
7.109616	85.16317
7.119434	85.77997
7.129253	87.3403
7.139071	89.9382
7.14889	93.19571
7.158708	95.91118
7.168527	96.83617
7.178345	95.71502
7.188164	92.9091
7.197982	89.80775
7.207801	87.89162
7.217619	86.69661
7.227438	86.1306
7.237256	86.00482
7.247075	85.86163
7.256893	85.91154
7.266712	86.29529
7.27653	86.77682
7.286349	87.69613
7.296167	89.39535
7.305986	93.81392
7.315804	107.2753
7.325623	137.1255
7.335441	180.7839
7.34526	222.3215
7.355078	260.6698
7.364897	294.1738
7.374715	323.0514
7.384534	352.0162
7.394352	365.5893
7.404171	356.5668
7.413989	317.2271
7.423808	252.8429
7.433626	185.1429
7.443445	135.0929
7.453263	107.1389
7.463082	94.42084
7.4729	89.97448
7.482719	88.13391
7.492537	87.32246
7.502356	86.80189
7.512174	86.28499
7.521993	85.86321
7.531811	85.45993
7.54163	84.90109
7.551448	84.6425
7.561267	84.71003
7.571085	84.68212
7.580904	84.69296
7.590722	84.65452
7.600541	84.61861
7.610359	84.31194
7.620178	84.00934
7.629996	83.76282
7.639815	83.65302
7.649633	83.41171
7.659452	83.23914
7.66927	83.46385
7.679089	83.29401
7.688907	83.31083
7.698726	83.37784
7.708544	83.36066
7.718363	83.33815
7.728181	83.17814
7.738	83.21759
7.747818	83.25403
7.757637	83.2284
7.767455	83.22132
7.777274	83.24609
7.787092	83.32042
7.796911	83.34955
7.806729	83.58722
7.816548	83.95755
7.826367	84.30726
7.836185	84.80601
7.846004	86.72403
7.855822	92.37502
7.865641	103.4285
7.875459	120.8305
7.885278	136.0815
7.895096	144.2165
7.904915	140.9483
7.914733	128.2871
7.924552	111.2083
7.93437	97.65505
7.944189	88.83004
7.954007	85.21688
7.963826	84.10512
7.973644	83.65721
7.983463	83.51322
7.993281	83.50807
8.0031	83.37321
8.012918	83.31812
8.022737	83.617
8.032555	84.31208
8.042374	85.92339
8.052192	90.23595
8.062011	100.6225
8.071829	118.0051
8.081648	137.8199
8.091466	154.4707
8.101285	157.8918
8.111103	147.9504
8.120922	128.0191
8.13074	108.9321
8.140559	94.37999
8.150377	87.34016
8.160196	84.933
8.170014	84.27943
8.179833	84.02912
8.189651	83.89883
8.19947	83.75978
8.209288	83.58945
8.219107	83.92193
8.228925	85.39343
8.238744	89.12566
8.248562	96.95653
8.258381	108.2824
8.268199	118.046
8.278018	123.5902
8.287836	121.6457
8.297655	113.1997
8.307473	102.4303
8.317292	92.76682
8.32711	86.7114
8.336929	84.21001
8.346747	83.51189
8.356566	83.10822
8.366384	82.92275
8.376203	83.02996
8.386021	83.10025
8.39584	83.50769
8.405658	84.05402
8.415477	85.0075
8.425295	87.42014
8.435114	94.38224
8.444932	109.218
8.454751	131.7992
8.464569	158.6442
8.474388	177.6174
8.484206	180.099
8.494025	166.0603
8.503843	140.9993
8.513662	117.257
8.52348	100.1193
8.533299	91.90779
8.543118	90.99609
8.552936	97.91463
8.562755	113.2073
8.572573	134.7973
8.582392	159.372
8.59221	182.3402
8.602029	196.657
8.611847	198.4651
8.621666	186.2963
8.631484	163.3981
8.641303	135.8512
8.651121	112.0359
8.66094	95.8054
8.670758	87.08789
8.680577	83.59261
8.690395	82.34911
8.700214	81.89056
8.710032	81.59745
8.719851	81.50966
8.729669	81.29697
8.739488	81.0938
8.749306	81.13802
8.759125	81.46774
8.768943	82.72922
8.778762	86.40061
8.78858	93.65464
8.798399	106.2285
8.808217	118.4069
8.818036	126.5504
8.827854	126.446
8.837673	118.0963
8.847491	105.1312
8.85731	93.82703
8.867128	86.19103
8.876947	82.90695
8.886765	82.61521
8.896584	83.73373
8.906402	84.96312
8.916221	85.66406
8.926039	85.33464
8.935858	83.99071
8.945676	81.98515
8.955495	80.35877
8.965313	79.51748
8.975132	78.87009
8.98495	78.54108
8.994769	78.52127
9.004587	78.57635
9.014406	78.73599
9.024224	78.87502
9.034043	78.92152
9.043861	79.01464
9.05368	78.89875
9.063498	79.04791
9.073317	79.33365
9.083135	79.79245
9.092954	80.72601
9.102772	82.33741
9.112591	83.7259
9.122409	84.49821
9.132228	84.34464
9.142046	83.20168
9.151865	81.47044
9.161683	79.94315
9.171502	78.93541
9.18132	78.35069
9.191139	77.92271
9.200957	77.85781
9.210776	77.83162
9.220594	77.98219
9.230413	78.21168
9.240231	78.30011
9.25005	78.22386
9.259869	77.84812
9.269687	77.74478
9.279506	77.56635
9.289324	77.45326
9.299143	77.56475
9.308961	77.66643
9.31878	77.83013
9.328598	78.29651
9.338417	78.90701
9.348235	80.56977
9.358054	84.27817
9.367872	93.35834
9.377691	107.5
9.387509	124.0742
9.397328	139.6629
9.407146	144.9889
9.416965	139.1331
9.426783	123.2922
9.436602	105.3938
9.44642	91.7514
9.456239	83.61551
9.466057	79.7169
9.475876	78.23192
9.485694	77.57053
9.495513	77.27692
9.505331	77.17483
9.51515	77.70998
9.524968	79.35764
9.534787	82.449
9.544605	85.9915
9.554424	88.96966
9.564242	90.38205
9.574061	89.38572
9.583879	86.20806
9.593698	82.52248
9.603516	79.36516
9.613335	77.40592
9.623153	76.53708
9.632972	76.3618
9.64279	76.51456
9.652609	77.02431
9.662427	79.03742
9.672246	83.52483
9.682064	90.91399
9.691883	99.94856
9.701701	109.8377
9.71152	117.2607
9.721338	120.463
9.731157	120.384
9.740975	116.2699
9.750794	110.1044
9.760612	102.5968
9.770431	95.20134
9.780249	88.5665
9.790068	86.63847
9.799886	89.34855
9.809705	96.91329
9.819523	105.0058
9.829342	110.2383
9.83916	110.7822
9.848979	105.8784
9.858797	97.66647
9.868616	88.6358
9.878434	81.59831
9.888253	77.93038
9.898071	76.12598
9.90789	75.32696
9.917708	74.90594
9.927527	74.66417
9.937345	74.6425
9.947164	74.69384
9.956982	75.00963
9.966801	75.51256
9.97662	77.07932
9.986438	80.5124
9.996257	86.17255
10.00608	93.99931
10.01589	101.747
10.02571	105.0577
10.03553	103.1119
10.04535	96.5189
10.05517	88.81316
10.06499	81.9379
10.0748	77.39072
10.08462	75.33534
10.09444	74.39977
10.10426	74.12612
10.11408	74.11173
10.1239	73.87116
10.13372	73.96483
10.14353	73.98725
10.15335	73.92432
10.16317	73.84563
10.17299	73.77312
10.18281	73.67447
10.19263	73.67535
10.20245	73.83885
10.21226	74.01952
10.22208	74.40945
10.2319	75.69086
10.24172	78.45232
10.25154	83.77738
10.26136	91.034
10.27117	98.59119
10.28099	105.6249
10.29081	108.953
10.30063	107.347
10.31045	101.601
10.32027	93.66785
10.33009	86.34084
10.3399	81.08746
10.34972	77.52266
10.35954	76.40558
10.36936	77.24808
10.37918	79.62486
10.389	83.32938
10.39882	87.38855
10.40863	90.75866
10.41845	92.41077
10.42827	91.10204
10.43809	87.72673
10.44791	82.93391
10.45773	78.61066
10.46754	75.72481
10.47736	74.10026
10.48718	73.44648
10.497	73.16471
10.50682	73.20789
10.51664	73.20546
10.52646	73.60576
10.53627	74.83516
10.54609	77.31001
10.55591	82.80423
10.56573	90.38996
10.57555	98.07706
10.58537	106.0017
10.59519	109.2878
10.605	106.2688
10.61482	98.68985
10.62464	88.3021
10.63446	80.88791
10.64428	76.46199
10.6541	73.93614
10.66391	72.65164
10.67373	72.31704
10.68355	71.97935
10.69337	71.76459
10.70319	71.75526
10.71301	71.64388
10.72283	71.66177
10.73264	71.89776
10.74246	72.17046
10.75228	72.21447
10.7621	72.18718
10.77192	71.98792
10.78174	71.80476
10.79156	71.65527
10.80137	71.69803
10.81119	71.6023
10.82101	71.63616
10.83083	71.4818
10.84065	71.35474
10.85047	71.49445
10.86029	71.71886
10.8701	71.57945
10.87992	71.41125
10.88974	71.3707
10.89956	71.25465
10.90938	71.22767
10.9192	71.5155
10.92901	71.78085
10.93883	71.98112
10.94865	72.35226
10.95847	72.57463
10.96829	72.78032
10.97811	72.60607
10.98793	72.5068
10.99774	72.31941
11.00756	72.04106
11.01738	71.79134
11.0272	72.09541
11.03702	73.03687
11.04684	75.08262
11.05666	78.87401
11.06647	85.16552
11.07629	93.23882
11.08611	103.2173
11.09593	114.5704
11.10575	123.2328
11.11557	126.1146
11.12538	122.3784
11.1352	112.2669
11.14502	100.6353
11.15484	90.3353
11.16466	83.05708
11.17448	80.24741
11.1843	80.04711
11.19411	80.2006
11.20393	79.87781
11.21375	78.35715
11.22357	76.06809
11.23339	73.87588
11.24321	72.60097
11.25303	72.23149
11.26284	72.22174
11.27266	72.79408
11.28248	73.6493
11.2923	74.9283
11.30212	76.96785
11.31194	79.62962
11.32175	83.11489
11.33157	87.09606
11.34139	89.95848
11.35121	90.14565
11.36103	87.55948
11.37085	82.45735
11.38067	77.83524
11.39048	74.69344
11.4003	73.11684
11.41012	73.7314
11.41994	75.87067
11.42976	79.18272
11.43958	82.72747
11.4494	84.54417
11.45921	84.04913
11.46903	81.34103
11.47885	77.93082
11.48867	74.78205
11.49849	72.4323
11.50831	71.58015
11.51813	71.55227
11.52794	72.27641
11.53776	73.60799
11.54758	75.23637
11.5574	76.86229
11.56722	79.07996
11.57704	81.3414
11.58685	82.4429
11.59667	82.14361
11.60649	80.07552
11.61631	76.98526
11.62613	74.00489
11.63595	71.61219
11.64577	69.89077
11.65558	69.2798
11.6654	69.01585
11.67522	68.93556
11.68504	69.01196
11.69486	68.98857
11.70468	69.14771
11.7145	69.03993
11.72431	68.96392
11.73413	68.86091
11.74395	68.57001
11.75377	68.57003
11.76359	68.547
11.77341	68.27724
11.78322	68.41222
11.79304	68.48128
11.80286	69.09837
11.81268	69.92847
11.8225	70.68164
11.83232	71.27626
11.84214	71.50817
11.85195	70.98367
11.86177	70.5275
11.87159	69.86456
11.88141	69.3032
11.89123	68.95789
11.90105	68.59995
11.91087	68.24853
11.92068	68.22497
11.9305	68.18217
11.94032	68.12154
11.95014	68.33167
11.95996	68.45158
11.96978	68.34033
11.97959	68.31443
11.98941	68.61147
11.99923	69.01252
12.00905	69.993
12.01887	71.00996
12.02869	71.74003
12.03851	72.03887
12.04832	71.90925
12.05814	71.34035
12.06796	70.46522
12.07778	69.67851
12.0876	69.27268
12.09742	69.12064
12.10724	69.49086
12.11705	69.66789
12.12687	69.5612
12.13669	69.28619
12.14651	69.10989
12.15633	69.3318
12.16615	69.63136
12.17597	70.04094
12.18578	70.3004
12.1956	70.2055
12.20542	69.77122
12.21524	69.90259
12.22506	70.86266
12.23488	72.97402
12.24469	76.69901
12.25451	80.78854
12.26433	84.43099
12.27415	86.51335
12.28397	86.71059
12.29379	85.83716
12.30361	84.92445
12.31342	85.52708
12.32324	87.40235
12.33306	89.09692
12.34288	88.56348
12.3527	85.68583
12.36252	81.24072
12.37234	76.6123
12.38215	72.89993
12.39197	71.27798
12.40179	71.27694
12.41161	72.09797
12.42143	73.0797
12.43125	73.70308
12.44106	73.70445
12.45088	72.95322
12.4607	71.83517
12.47052	70.80302
12.48034	70.19805
12.49016	70.87579
12.49998	72.87623
12.50979	76.90139
12.51961	82.60938
12.52943	88.92036
12.53925	93.88174
12.54907	96.4845
12.55889	95.13448
12.56871	90.98438
12.57852	85.67989
12.58834	80.42112
12.59816	76.36848
12.60798	73.66985
12.6178	72.78536
12.62762	73.76564
12.63743	76.04151
12.64725	78.19602
12.65707	79.75391
12.66689	79.90303
12.67671	78.47034
12.68653	75.92966
12.69635	73.18056
12.70616	71.41685
12.71598	70.23531
12.7258	69.9238
12.73562	70.87581
12.74544	72.3736
12.75526	74.22757
12.76508	76.3801
12.77489	77.80128
12.78471	78.20764
12.79453	77.45589
12.80435	76.08779
12.81417	75.05119
12.82399	75.30634
12.83381	77.60679
12.84362	82.11843
12.85344	87.37717
12.86326	90.76012
12.87308	91.29878
12.8829	88.69607
12.89272	83.91243
12.90253	78.6637
12.91235	74.61597
12.92217	72.3492
12.93199	72.3186
12.94181	73.25501
12.95163	74.39744
12.96145	74.46796
12.97126	73.76424
12.98108	71.88503
12.9909	70.19376
13.00072	68.68026
13.01054	67.45801
13.02036	66.52998
13.03018	66.12875
13.03999	66.10754
13.04981	66.02727
13.05963	66.24889
13.06945	66.34402
13.07927	66.32366
13.08909	66.34928
13.0989	66.3845
13.10872	66.32912
13.11854	66.19049
13.12836	66.0722
13.13818	66.3056
13.148	66.55061
13.15782	67.18283
13.16763	68.30531
13.17745	70.41257
13.18727	72.92822
13.19709	75.37116
13.20691	76.96818
13.21673	77.37759
13.22655	76.26067
13.23636	74.15662
13.24618	71.85103
13.256	70.06957
13.26582	69.82082
13.27564	71.11063
13.28546	73.7123
13.29527	76.47517
13.30509	78.44595
13.31491	78.4337
13.32473	77.26408
13.33455	75.01141
13.34437	72.70081
13.35419	70.82538
13.364	69.77364
13.37382	69.83801
13.38364	70.52418
13.39346	71.47505
13.40328	72.21172
13.4131	73.04202
13.42292	73.9978
13.43273	75.10853
13.44255	76.45621
13.45237	76.75002
13.46219	75.9235
13.47201	74.23098
13.48183	71.78872
13.49164	69.66589
13.50146	68.03225
13.51128	67.25222
13.5211	66.51589
13.53092	66.28469
13.54074	66.39187
13.55056	66.21157
13.56037	66.0131
13.57019	65.84172
13.58001	65.56236
13.58983	65.57564
13.59965	65.71284
13.60947	66.22227
13.61929	67.05
13.6291	67.94714
13.63892	68.98966
13.64874	69.9268
13.65856	70.38684
13.66838	70.34943
13.6782	69.54393
13.68802	68.25871
13.69783	67.34888
13.70765	66.68208
13.71747	66.20757
13.72729	65.83197
13.73711	65.66801
13.74693	65.64984
13.75674	65.76924
13.76656	66.13441
13.77638	66.74242
13.7862	67.4635
13.79602	68.5966
13.80584	70.31146
13.81566	72.5769
13.82547	74.59808
13.83529	76.59686
13.84511	77.98943
13.85493	78.34262
13.86475	77.73851
13.87457	76.00809
13.88439	73.42281
13.8942	71.04472
13.90402	68.7422
13.91384	67.26604
13.92366	66.59006
13.93348	66.21678
13.9433	66.16669
13.95311	66.42612
13.96293	66.52115
13.97275	67.10342
13.98257	68.46232
13.99239	70.46807
14.00221	72.86264
14.01203	75.82474
14.02184	79.08145
14.03166	81.91663
14.04148	84.27216
14.0513	85.36046
14.06112	84.50721
14.07094	81.61718
14.08076	77.85905
14.09057	74.10418
14.10039	71.91633
14.11021	71.04722
14.12003	71.16965
14.12985	71.73507
14.13967	71.99335
14.14948	72.07191
14.1593	71.31115
14.16912	70.23311
14.17894	69.5013
14.18876	68.73502
14.19858	68.7025
14.2084	69.36557
14.21821	69.71577
14.22803	69.75226
14.23785	69.07172
14.24767	67.96384
14.25749	66.96128
14.26731	66.342
14.27713	65.79819
14.28694	65.66546
14.29676	65.42327
14.30658	65.36987
14.3164	65.22437
14.32622	65.30361
14.33604	65.40269
14.34586	65.49605
14.35567	65.76258
14.36549	65.82911
14.37531	65.95171
14.38513	65.95126
14.39495	66.09841
14.40477	66.38827
14.41458	67.3262
14.4244	69.16885
14.43422	72.41939
14.44404	77.27301
14.45386	81.84509
14.46368	85.16541
14.4735	86.48482
14.48331	85.15898
14.49313	81.90125
14.50295	77.85265
14.51277	73.51812
14.52259	70.94891
14.53241	69.52946
14.54223	68.99174
14.55204	68.27027
14.56186	67.70166
14.57168	67.07578
14.5815	66.80056
14.59132	66.94181
14.60114	68.08694
14.61095	69.94032
14.62077	71.64089
14.63059	72.75912
14.64041	73.69724
14.65023	73.89603
14.66005	74.11397
14.66987	74.22565
14.67968	73.92762
14.6895	73.43916
14.69932	72.54852
14.70914	71.59547
14.71896	70.94542
14.72878	70.35851
14.7386	69.91284
14.74841	69.39332
14.75823	68.71599
14.76805	67.7766
14.77787	67.27142
14.78769	67.43548
14.79751	68.13058
14.80732	69.10172
14.81714	69.79757
14.82696	69.81782
14.83678	69.40082
14.8466	68.68441
14.85642	67.87862
14.86624	67.21128
14.87605	66.23371
14.88587	65.30453
14.89569	64.78254
14.90551	64.35995
14.91533	64.24854
14.92515	64.34786
14.93497	64.36944
14.94478	64.53659
14.9546	64.62086
14.96442	65.02157
14.97424	65.54706
14.98406	66.44437
14.99388	67.86503
15.0037	69.57611
15.01351	71.45078
15.02333	73.59357
15.03315	75.55207
15.04297	77.14355
15.05279	77.91461
15.06261	77.85138
15.07242	76.11667
15.08224	73.94256
15.09206	71.1689
15.10188	68.48051
15.1117	66.51775
15.12152	65.2477
15.13134	64.61708
15.14115	64.13738
15.15097	63.94052
15.16079	63.81028
15.17061	63.61034
15.18043	63.55975
15.19025	63.87247
15.20007	64.6723
15.20988	65.44501
15.2197	66.22706
15.22952	67.07218
15.23934	67.84672
15.24916	68.33414
15.25898	68.8958
15.26879	68.76348
15.27861	68.44626
15.28843	68.10667
15.29825	67.48697
15.30807	66.93739
15.31789	66.73132
15.32771	66.12051
15.33752	65.58514
15.34734	65.01728
15.35716	64.59328
15.36698	64.55609
15.3768	65.20763
15.38662	66.29877
15.39644	68.22781
15.40625	70.35814
15.41607	71.7504
15.42589	72.47696
15.43571	72.0723
15.44553	70.66136
15.45535	68.87678
15.46516	66.93163
15.47498	65.33089
15.4848	64.26437
15.49462	63.59901
15.50444	63.21113
15.51426	63.05239
15.52408	62.94643
15.53389	62.90968
15.54371	63.11258
15.55353	63.18229
15.56335	63.54209
15.57317	63.78215
15.58299	64.21094
15.59281	64.95479
15.60262	65.79771
15.61244	66.51955
15.62226	67.0554
15.63208	67.06313
15.6419	66.71785
15.65172	66.07731
15.66153	65.59248
15.67135	65.65385
15.68117	65.80819
15.69099	66.21835
15.70081	66.75885
15.71063	66.99442
15.72045	67.44546
15.73026	68.45085
15.74008	69.99613
15.7499	71.89134
15.75972	73.48999
15.76954	74.10762
15.77936	73.78829
15.78918	72.68476
15.79899	71.18279
15.80881	69.70254
15.81863	68.25996
15.82845	66.68948
15.83827	65.62609
15.84809	64.53894
15.85791	63.65607
15.86772	63.02789
15.87754	62.76307
15.88736	62.55964
15.89718	62.58267
15.907	62.72684
15.91682	62.48354
15.92663	62.33199
15.93645	62.41022
15.94627	62.32602
15.95609	62.36647
15.96591	62.49186
15.97573	62.63048
15.98555	62.73148
15.99536	62.88007
16.00518	62.90404
16.015	62.77956
16.02482	62.62235
16.03464	62.43043
16.04446	62.22887
16.05428	62.01315
16.06409	62.03255
16.07391	61.95077
16.08373	62.02743
16.09355	62.17749
16.10337	62.63197
16.11319	63.51756
16.123	64.22871
16.13282	65.29207
16.14264	65.93543
16.15246	66.20795
16.16228	66.03028
16.1721	65.33884
16.18192	64.44916
16.19173	63.90827
16.20155	63.27893
16.21137	63.14006
16.22119	62.93502
16.23101	62.7431
16.24083	62.59606
16.25065	62.26933
16.26046	62.03598
16.27028	62.03334
16.2801	62.2484
16.28992	62.55678
16.29974	63.21533
16.30956	64.0237
16.31937	64.75598
16.32919	65.55931
16.33901	66.40776
16.34883	66.74654
16.35865	66.96008
16.36847	66.90333
16.37829	66.46883
16.3881	66.07449
16.39792	65.63572
16.40774	65.11055
16.41756	64.60927
16.42738	63.97847
16.4372	63.47839
16.44702	62.86583
16.45683	62.32384
16.46665	61.93149
16.47647	61.69454
16.48629	61.4163
16.49611	61.39692
16.50593	61.26307
16.51575	61.29647
16.52556	61.44755
16.53538	61.47934
16.5452	61.63067
16.55502	61.70661
16.56484	61.82399
16.57466	62.00343
16.58447	61.99796
16.59429	61.87938
16.60411	61.71553
16.61393	61.6934
16.62375	61.76114
16.63357	61.71228
16.64339	61.69833
16.6532	61.90784
16.66302	62.28357
16.67284	62.90586
16.68266	63.78434
16.69248	64.70739
16.7023	65.41215
16.71212	65.87851
16.72193	65.86285
16.73175	65.58366
16.74157	65.49193
16.75139	65.49175
16.76121	65.39867
16.77103	65.23779
16.78084	64.9351
16.79066	64.37225
16.80048	63.9149
16.8103	63.90148
16.82012	63.8451
16.82994	64.02957
16.83976	64.01229
16.84957	63.99782
16.85939	64.00713
16.86921	63.5867
16.87903	63.26929
16.88885	62.88522
16.89867	62.42163
16.90849	62.11142
16.9183	61.87121
16.92812	61.89445
16.93794	62.01236
16.94776	62.29388
16.95758	62.70219
16.9674	63.36311
16.97721	64.11077
16.98703	64.7598
16.99685	65.22891
17.00667	65.14779
17.01649	64.8635
17.02631	64.20722
17.03613	63.44015
17.04594	62.61062
17.05576	61.93674
17.06558	61.48674
17.0754	61.2204
17.08522	61.05315
17.09504	61.1346
17.10486	61.14159
17.11467	61.19655
17.12449	61.45382
17.13431	61.59814
17.14413	62.14544
17.15395	62.71151
17.16377	63.58129
17.17359	64.43937
17.1834	64.94962
17.19322	65.22042
17.20304	64.79865
17.21286	64.063
17.22268	63.16601
17.2325	62.11333
17.24231	61.44128
17.25213	61.22029
17.26195	61.10832
17.27177	61.0849
17.28159	60.92858
17.29141	60.75154
17.30123	60.7098
17.31104	60.70156
17.32086	60.8266
17.33068	61.24717
17.3405	61.79877
17.35032	62.69627
17.36014	63.69276
17.36996	64.71127
17.37977	65.36014
17.38959	65.6745
17.39941	65.44701
17.40923	64.76307
17.41905	64.2358
17.42887	63.51733
17.43868	62.89714
17.4485	62.7339
17.45832	62.57722
17.46814	62.79277
17.47796	63.17436
17.48778	63.52418
17.4976	63.6356
17.50741	63.43551
17.51723	63.09894
17.52705	62.5816
17.53687	62.19476
17.54669	61.84831
17.55651	61.65259
17.56633	61.27984
17.57614	60.89363
17.58596	60.58714
17.59578	60.41971
17.6056	60.61491
17.61542	60.82197
17.62524	61.38276
17.63505	62.04265
17.64487	62.60818
17.65469	63.19734
17.66451	64.14276
17.67433	65.05647
17.68415	66.27109
17.69397	67.2308
17.70378	67.61835
17.7136	67.33004
17.72342	66.46001
17.73324	64.91116
17.74306	63.28904
17.75288	61.98256
17.7627	61.11997
17.77251	60.55674
17.78233	60.29092
17.79215	60.20082
17.80197	60.20238
17.81179	60.57383
17.82161	61.01101
17.83142	61.40711
17.84124	61.70029
17.85106	61.84439
17.86088	61.83401
17.8707	61.85326
17.88052	61.6509
17.89034	61.42117
17.90015	61.01872
17.90997	60.79713
17.91979	60.6295
17.92961	60.29303
17.93943	59.96394
17.94925	59.66245
17.95907	59.49306
17.96888	59.43484
17.9787	59.45634
17.98852	59.35375
17.99834	59.12917
18.00816	59.06851
18.01798	59.14379
18.0278	59.25384
18.03761	59.66098
18.04743	59.85722
18.05725	59.86392
18.06707	59.89923
18.07689	60.07464
18.08671	60.29355
18.09652	60.32041
18.10634	60.41177
18.11616	60.20912
18.12598	60.00036
18.1358	59.9555
18.14562	59.95272
18.15544	60.09338
18.16525	60.47641
18.17507	60.88308
18.18489	61.35121
18.19471	61.74646
18.20453	61.65635
18.21435	61.39788
18.22417	61.03876
18.23398	60.81491
18.2438	60.4754
18.25362	60.37409
18.26344	60.20645
18.27326	60.22891
18.28308	60.58066
18.29289	60.66471
18.30271	60.98642
18.31253	61.20216
18.32235	61.20871
18.33217	61.31626
18.34199	61.28033
18.35181	61.06141
18.36162	61.07367
18.37144	60.79491
18.38126	60.55389
18.39108	60.53426
18.4009	60.13192
18.41072	60.06839
18.42054	60.01374
18.43035	59.98703
18.44017	59.91908
18.44999	59.87137
18.45981	59.65468
18.46963	59.48537
18.47945	59.41187
18.48926	59.20136
18.49908	58.88577
18.5089	59.00479
18.51872	58.81457
18.52854	58.73528
18.53836	58.47914
18.54818	58.34185
18.55799	58.40699
18.56781	58.42651
18.57763	58.38899
18.58745	58.23703
18.59727	57.95309
18.60709	57.69377
18.61691	57.658
18.62672	57.92555
18.63654	58.21252
18.64636	58.57201
18.65618	58.85861
18.666	59.09143
18.67582	59.16335
18.68564	59.15792
18.69545	59.1504
18.70527	59.03703
18.71509	58.84512
18.72491	58.59251
18.73473	58.44614
18.74455	58.39801
18.75436	58.4628
18.76418	58.65793
18.774	58.99326
18.78382	59.41197
18.79364	59.80288
18.80346	60.02333
18.81328	60.2425
18.82309	60.35163
18.83291	60.38948
18.84273	60.4669
18.85255	60.07271
18.86237	59.92878
18.87219	59.74422
18.88201	59.71099
18.89182	59.78086
18.90164	59.73921
18.91146	59.60386
18.92128	59.34232
18.9311	59.27157
18.94092	59.32949
18.95073	59.47877
18.96055	59.71064
18.97037	59.81929
18.98019	59.67281
18.99001	59.59748
18.99983	59.73869
19.00965	59.8984
19.01946	60.08438
19.02928	60.28953
19.0391	60.45181
19.04892	60.62125
19.05874	60.85256
19.06856	60.83641
19.07838	60.76109
19.08819	60.67428
19.09801	60.44405
19.10783	60.37381
19.11765	60.26362
19.12747	60.12036
19.13729	59.59083
19.1471	59.15189
19.15692	58.77809
19.16674	58.38432
19.17656	58.18861
19.18638	58.00812
19.1962	57.91941
19.20602	57.91624
19.21583	57.79542
19.22565	57.99504
19.23547	58.18389
19.24529	58.47971
19.25511	58.99177
19.26493	58.9816
19.27475	59.00266
19.28456	58.79766
19.29438	58.64242
19.3042	58.46273
19.31402	58.22085
19.32384	57.99181
19.33366	57.84475
19.34348	57.51738
19.35329	57.74829
19.36311	57.98417
19.37293	58.27891
19.38275	58.71971
19.39257	59.12009
19.40239	58.99081
19.4122	58.79091
19.42202	58.64709
19.43184	58.40975
19.44166	58.23626
19.45148	58.08669
19.4613	57.83337
19.47112	57.61277
19.48093	57.57665
19.49075	57.51588
19.50057	57.59066
19.51039	57.65109
19.52021	57.70378
19.53003	57.69248
19.53985	57.6471
19.54966	57.6764
19.55948	57.74936
19.5693	57.72681
19.57912	57.75322
19.58894	57.85093
19.59876	57.91169
19.60857	57.87745
19.61839	57.83705
19.62821	57.90277
19.63803	57.96243
19.64785	57.87289
19.65767	57.89845
19.66749	57.76184
19.6773	57.7592
19.68712	57.96574
19.69694	58.28345
19.70676	58.78554
19.71658	58.94033
19.7264	59.11821
19.73622	59.02699
19.74603	58.46154
19.75585	57.9335
19.76567	57.52022
19.77549	56.90102
19.78531	56.50295
19.79513	56.19577
19.80494	55.98672
19.81476	55.94024
19.82458	56.1436
19.8344	56.24072
19.84422	56.28506
19.85404	56.27228
19.86386	56.29825
19.87367	56.29403
19.88349	56.42976
19.89331	56.94307
19.90313	57.1076
19.91295	57.16972
19.92277	57.70313
19.93259	57.823
19.9424	57.96621
19.95222	58.4164
19.96204	58.5018
19.97186	58.67916
19.98168	58.79784
19.9915	58.81718
20.00132	58.81576
20.01113	58.61856
20.02095	58.26754
20.03077	57.71606
20.04059	57.57586
20.05041	57.27737
20.06023	57.24126
20.07004	57.0858
20.07986	56.65484
20.08968	56.51176
20.0995	56.48975
20.10932	56.72776
20.11914	56.66655
20.12896	56.89303
20.13877	56.83296
20.14859	56.86237
20.15841	57.0862
20.16823	57.34444
20.17805	57.52654
20.18787	57.85732
20.19769	58.25733
20.2075	58.60711
20.21732	58.65909
20.22714	58.58856
20.23696	58.5705
20.24678	58.65754
20.2566	58.84991
20.26641	58.76351
20.27623	58.56168
20.28605	58.35624
20.29587	57.76062
20.30569	57.33488
20.31551	56.88802
20.32533	56.26665
20.33514	56.23588
20.34496	56.24842
20.35478	56.2255
20.3646	56.28947
20.37442	56.18539
20.38424	56.15852
20.39406	56.21349
20.40387	56.22982
20.41369	56.7287
20.42351	57.00389
20.43333	57.17227
20.44315	57.36255
20.45297	57.33842
20.46278	57.42078
20.4726	57.58006
20.48242	57.67975
20.49224	57.76813
20.50206	57.66429
20.51188	57.44405
20.5217	57.28478
20.53151	57.25718
20.54133	57.03889
20.55115	56.97212
20.56097	56.82935
20.57079	57.02528
20.58061	57.23582
20.59043	57.29501
20.60024	57.41205
20.61006	57.45111
20.61988	57.50253
20.6297	57.40562
20.63952	57.22116
20.64934	57.06653
20.65915	56.97838
20.66897	56.99836
20.67879	56.98018
20.68861	56.81289
20.69843	56.61526
20.70825	56.49773
20.71807	56.42701
20.72788	56.36956
20.7377	56.35042
20.74752	56.58301
20.75734	56.68261
20.76716	56.78962
20.77698	56.83984
20.7868	56.9041
20.79661	57.10442
20.80643	57.20887
20.81625	57.29863
20.82607	57.24233
20.83589	57.22697
20.84571	57.0893
20.85553	56.88174
20.86534	56.79081
20.87516	56.65664
20.88498	56.49091
20.8948	56.36388
20.90462	56.31638
20.91444	56.42921
20.92425	56.33406
20.93407	56.24027
20.94389	56.31461
20.95371	56.3828
20.96353	56.63684
20.97335	56.8501
20.98317	57.27836
20.99298	57.80399
21.0028	58.39688
21.01262	58.92775
21.02244	58.8204
21.03226	58.68542
21.04208	58.42707
21.0519	58.09555
21.06171	57.76157
21.07153	57.30359
21.08135	56.71006
21.09117	56.35849
21.10099	56.15313
21.11081	56.13325
21.12062	56.25811
21.13044	56.23364
21.14026	56.24015
21.15008	56.18138
21.1599	56.094
21.16972	56.1428
21.17954	56.14947
21.18935	56.23678
21.19917	56.33518
21.20899	56.67512
21.21881	57.1605
21.22863	57.58242
21.23845	57.87931
21.24827	57.99393
21.25808	58.00658
21.2679	57.97559
21.27772	57.95526
21.28754	57.90092
21.29736	57.95886
21.30718	57.80547
21.31699	57.61497
21.32681	57.33413
21.33663	57.08845
21.34645	56.94211
21.35627	56.84694
21.36609	56.8516
21.37591	56.75538
21.38572	56.82558
21.39554	56.67089
21.40536	56.76788
21.41518	56.53171
21.425	56.1789
21.43482	55.91692
21.44464	55.57096
21.45445	55.41832
21.46427	55.29049
21.47409	55.26254
21.48391	55.24546
21.49373	55.07217
21.50355	54.99203
21.51337	55.12984
21.52318	55.09964
21.533	55.11
21.54282	55.09098
21.55264	55.14225
21.56246	55.15461
21.57228	55.13761
21.58209	55.34671
21.59191	55.49657
21.60173	55.73245
21.61155	55.92868
21.62137	55.77884
21.63119	55.72295
21.64101	55.71214
21.65082	55.58163
21.66064	55.71442
21.67046	55.65762
21.68028	55.57557
21.6901	55.48764
21.69992	55.3475
21.70974	55.13195
21.71955	55.01137
21.72937	55.12151
21.73919	55.02801
21.74901	55.3943
21.75883	55.36827
21.76865	55.55914
21.77846	55.76722
21.78828	55.80016
21.7981	55.85366
21.80792	55.83723
21.81774	55.78778
21.82756	55.8736
21.83738	55.9323
21.84719	55.9993
21.85701	55.98686
21.86683	55.80448
21.87665	55.72052
21.88647	55.42477
21.89629	55.4393
21.90611	55.40794
21.91592	55.34853
21.92574	55.21255
21.93556	55.22113
21.94538	55.01372
21.9552	56.55058
21.96502	56.96959
21.97483	56.8564
21.98465	56.79717
21.99447	55.85875
22.00429	54.63218
22.01411	54.60982
22.02393	54.7397
22.03375	54.77378
22.04356	54.79069
22.05338	54.75405
22.0632	54.85905
22.07302	55.00038
22.08284	55.22155
22.09266	55.39779
22.10248	55.5579
22.11229	55.63549
22.12211	55.50298
22.13193	55.35175
22.14175	55.09525
22.15157	54.88937
22.16139	54.71883
22.17121	54.57605
22.18102	54.40017
22.19084	54.13065
22.20066	53.92883
22.21048	53.73773
22.2203	53.78405
22.23012	53.90955
22.23993	53.9766
22.24975	54.37036
22.25957	54.34232
22.26939	54.44411
22.27921	54.44758
22.28903	54.26665
22.29885	54.33355
22.30866	54.41257
22.31848	54.59796
22.3283	54.88343
22.33812	54.95888
22.34794	55.03103
22.35776	54.87969
22.36758	54.83095
22.37739	54.68196
22.38721	54.45319
22.39703	54.29154
22.40685	54.1779
22.41667	54.16307
22.42649	54.36745
22.4363	54.42256
22.44612	54.39414
22.45594	54.16737
22.46576	54.0239
22.47558	53.79298
22.4854	53.68581
22.49522	53.78784
22.50503	53.81806
22.51485	53.95554
22.52467	54.07446
22.53449	54.07375
22.54431	54.15166
22.55413	54.16995
22.56395	54.14828
22.57376	54.04248
22.58358	54.03346
22.5934	54.10049
22.60322	54.08845
22.61304	54.00937
22.62286	53.9676
22.63267	53.85634
22.64249	53.72446
22.65231	53.69854
22.66213	53.77587
22.67195	53.6324
22.68177	53.76566
22.69159	53.70145
22.7014	53.78274
22.71122	53.83559
22.72104	53.77668
22.73086	53.61684
22.74068	53.417
22.7505	53.37766
22.76032	53.61969
22.77013	53.86351
22.77995	54.1098
22.78977	54.07084
22.79959	53.68093
22.80941	53.32166
22.81923	52.855
22.82904	52.86178
22.83886	52.917
22.84868	53.16229
22.8585	53.36523
22.86832	53.47322
22.87814	53.51123
22.88796	53.67133
22.89777	53.68435
22.90759	53.65713
22.91741	53.85917
22.92723	53.73475
22.93705	53.92009
22.94687	53.99754
22.95669	53.98533
22.9665	54.05967
22.97632	54.10433
22.98614	54.40083
22.99596	54.48331
23.00578	54.51257
23.0156	54.41583
23.02542	54.31404
23.03523	54.30006
23.04505	54.3093
23.05487	54.12397
23.06469	53.81972
23.07451	53.68042
23.08433	53.5054
23.09414	53.33567
23.10396	53.32068
23.11378	53.13503
23.1236	53.1148
23.13342	53.08192
23.14324	53.25689
23.15306	53.31442
23.16287	53.36118
23.17269	53.56191
23.18251	53.76137
23.19233	54.06211
23.20215	54.32298
23.21197	54.29107
23.22179	54.41986
23.2316	54.32908
23.24142	54.21089
23.25124	54.02111
23.26106	53.77068
23.27088	53.58104
23.2807	53.67506
23.29051	53.60281
23.30033	53.60713
23.31015	53.55882
23.31997	53.45034
23.32979	53.47198
23.33961	53.19928
23.34943	53.10566
23.35924	52.84099
23.36906	52.85445
23.37888	52.68703
23.3887	52.69442
23.39852	52.76667
23.40834	52.69842
23.41816	52.80861
23.42797	52.73567
23.43779	52.71339
23.44761	52.69617
23.45743	52.7471
23.46725	52.95232
23.47707	53.06251
23.48688	53.10486
23.4967	53.08755
23.50652	53.01995
23.51634	53.19267
23.52616	53.25639
23.53598	53.27441
23.5458	53.32602
23.55561	53.20796
23.56543	53.14236
23.57525	53.22109
23.58507	53.29601
23.59489	53.21093
23.60471	53.20697
23.61453	53.10997
23.62434	53.28533
23.63416	53.54018
23.64398	53.49533
23.6538	53.52586
23.66362	53.29352
23.67344	53.06646
23.68326	52.8194
23.69307	52.72076
23.70289	52.71347
23.71271	52.74522
23.72253	52.77852
23.73235	52.79311
23.74217	53.13751
23.75198	53.14708
23.7618	53.21662
23.77162	53.14017
23.78144	52.8161
23.79126	52.79279
23.80108	52.65
23.8109	52.66052
23.82071	52.75293
23.83053	52.74665
23.84035	52.77782
23.85017	52.88005
23.85999	52.83072
23.86981	52.89604
23.87963	52.89087
23.88944	52.89446
23.89926	52.83631
23.90908	52.84289
23.9189	52.87555
23.92872	53.09544
23.93854	53.17501
23.94835	53.14618
23.95817	53.14684
23.96799	53.14417
23.97781	53.0251
23.98763	52.9119
23.99745	52.69462
24.00727	52.51892
24.01708	52.55221
24.0269	52.74475
24.03672	52.74739
24.04654	52.66807
24.05636	52.57556
24.06618	52.41946
24.076	52.3667
24.08581	52.38103
24.09563	52.35156
24.10545	52.40168
24.11527	52.66226
24.12509	52.72802
24.13491	52.76911
24.14472	52.77038
24.15454	52.89016
24.16436	53.02899
24.17418	53.06493
24.184	52.92833
24.19382	52.9717
24.20364	53.06202
24.21345	53.21216
24.22327	53.14528
24.23309	53.00721
24.24291	52.85008
24.25273	52.618
24.26255	52.5157
24.27237	52.40546
24.28218	52.39023
24.292	52.4296
24.30182	52.32429
24.31164	52.27665
24.32146	52.39352
24.33128	52.46822
24.3411	52.61087
24.35091	52.74827
24.36073	52.70649
24.37055	52.86625
24.38037	53.05309
24.39019	53.18316
24.40001	53.27961
24.40982	52.99285
24.41964	52.82185
24.42946	52.80162
24.43928	52.47781
24.4491	52.41397
24.45892	52.39709
24.46874	52.36504
24.47855	52.34276
24.48837	52.14411
24.49819	52.18641
24.50801	52.17986
24.51783	52.28262
24.52765	52.21586
24.53747	51.99648
24.54728	51.82755
24.5571	51.81625
24.56692	51.83227
24.57674	51.98221
24.58656	52.04034
24.59638	51.93437
24.60619	51.89954
24.61601	51.88806
24.62583	51.98606
24.63565	51.95587
24.64547	51.99549
24.65529	52.11184
24.66511	52.10733
24.67492	52.4191
24.68474	52.40417
24.69456	52.43055
24.70438	52.28379
24.7142	52.21021
24.72402	52.18579
24.73384	52.12388
24.74365	52.05384
24.75347	52.00283
24.76329	51.84247
24.77311	51.64292
24.78293	51.55992
24.79275	51.77467
24.80256	51.93229
24.81238	52.03455
24.8222	52.23548
24.83202	52.19084
24.84184	52.21044
24.85166	52.11872
24.86148	51.97427
24.87129	51.84833
24.88111	51.82911
24.89093	51.68121
24.90075	51.65551
24.91057	51.6208
24.92039	51.84146
24.93021	51.89516
24.94002	51.99726
24.94984	52.06565
24.95966	51.95579
24.96948	51.93866
24.9793	51.76293
24.98912	51.59386
24.99894	51.60944
25.00875	51.57492
25.01857	51.85234
25.02839	51.99728
25.03821	51.9282
25.04803	51.80609
25.05785	51.81973
25.06766	51.72302
25.07748	51.84579
25.0873	51.80575
25.09712	51.78732
25.10694	51.54796
25.11676	51.2789
25.12658	51.25592
25.13639	51.25896
25.14621	51.41028
25.15603	51.59274
25.16585	51.59401
25.17567	51.74752
25.18549	52.00384
25.19531	51.84536
25.20512	51.61771
25.21494	51.40816
25.22476	51.31565
25.23458	51.38632
25.2444	51.47928
25.25422	51.60985
25.26403	51.90592
25.27385	52.08982
25.28367	52.16703
25.29349	52.17953
25.30331	52.09122
25.31313	52.15125
25.32295	52.22456
25.33276	52.19061
25.34258	52.08321
25.3524	52.07585
25.36222	52.05094
25.37204	51.95339
25.38186	52.07788
25.39168	52.10162
25.40149	52.13125
25.41131	52.01795
25.42113	52.02468
25.43095	52.15842
25.44077	52.18679
25.45059	52.32815
25.4604	52.32133
25.47022	52.21894
25.48004	52.30591
25.48986	52.24474
25.49968	52.20765
25.5095	52.08972
25.51932	51.99218
25.52913	51.84381
25.53895	51.65814
25.54877	51.85115
25.55859	52.05372
25.56841	52.39224
25.57823	52.63955
25.58805	52.4108
25.59786	52.38607
25.60768	52.1342
25.6175	52.08393
25.62732	52.05669
25.63714	51.97764
25.64696	52.05773
25.65677	51.96834
25.66659	51.95698
25.67641	52.00865
25.68623	51.9551
25.69605	51.88463
25.70587	51.7571
25.71569	51.50724
25.7255	51.59374
25.73532	51.557
25.74514	51.60842
25.75496	51.67063
25.76478	51.67146
25.7746	51.59434
25.78442	51.42259
25.79423	51.31881
25.80405	51.19019
25.81387	51.16769
25.82369	51.11428
25.83351	51.13987
25.84333	51.04527
25.85315	51.03819
25.86296	50.79578
25.87278	50.65228
25.8826	50.6103
25.89242	50.44058
25.90224	50.34951
25.91206	50.33091
25.92187	50.31996
25.93169	50.46397
25.94151	50.53469
25.95133	50.50549
25.96115	50.50266
25.97097	50.61723
25.98079	50.50674
25.9906	50.44779
26.00042	50.27226
26.01024	50.17114
26.02006	50.1904
26.02988	50.31986
26.0397	50.32206
26.04952	50.35618
26.05933	50.33998
26.06915	50.30529
26.07897	50.28694
26.08879	50.13031
26.09861	50.2481
26.10843	50.14592
26.11824	50.28513
26.12806	50.19324
26.13788	49.9296
26.1477	49.84036
26.15752	49.77021
26.16734	49.96218
26.17716	50.24382
26.18697	50.48325
26.19679	50.6749
26.20661	50.75908
26.21643	50.83503
26.22625	50.84468
26.23607	50.71737
26.24589	50.26981
26.2557	50.14382
26.26552	50.06286
26.27534	50.15017
26.28516	50.32116
26.29498	50.31728
26.3048	50.22987
26.31461	50.17437
26.32443	50.08789
26.33425	50.20041
26.34407	50.30755
26.35389	50.36423
26.36371	50.41969
26.37353	50.25903
26.38334	50.01224
26.39316	50.01119
26.40298	50.00491
26.4128	50.23551
26.42262	50.37028
26.43244	50.29003
26.44226	50.39472
26.45207	50.37788
26.46189	50.31161
26.47171	50.34308
26.48153	50.35278
26.49135	50.32645
26.50117	50.05389
26.51099	49.81335
26.5208	49.93452
26.53062	50.06015
26.54044	50.20696
26.55026	50.37088
26.56008	50.38321
26.5699	50.63781
26.57971	50.60803
26.58953	50.53054
26.59935	50.2577
26.60917	50.16006
26.61899	50.34409
26.62881	50.38478
26.63863	50.63506
26.64844	50.74466
26.65826	50.70916
26.66808	50.72922
26.6779	50.62268
26.68772	50.66961
26.69754	50.80457
26.70736	50.94748
26.71717	50.94007
26.72699	50.79409
26.73681	50.72068
26.74663	50.71364
26.75645	50.77402
26.76627	50.7441
26.77608	50.8649
26.7859	50.99467
26.79572	51.01757
26.80554	50.94861
26.81536	50.83796
26.82518	50.6809
26.835	50.53298
26.84481	50.51302
26.85463	50.47422
26.86445	50.63069
26.87427	50.72883
26.88409	50.76029
26.89391	50.73902
26.90373	50.41197
26.91354	50.32864
26.92336	50.44918
26.93318	50.55255
26.943	50.68913
26.95282	50.66919
26.96264	50.77844
26.97245	50.664
26.98227	50.66882
26.99209	50.46299
27.00191	50.38143
27.01173	50.315
27.02155	50.50578
27.03137	50.59742
27.04118	50.80052
27.051	50.65814
27.06082	50.33413
27.07064	50.24717
27.08046	50.25932
27.09028	50.40657
27.1001	50.41875
27.10991	50.37383
27.11973	50.43196
27.12955	50.66441
27.13937	50.76226
27.14919	50.57505
27.15901	50.25516
27.16883	50.26361
27.17864	50.33591
27.18846	50.38244
27.19828	50.40101
27.2081	50.44672
27.21792	50.6786
27.22774	50.75328
27.23755	50.62709
27.24737	50.51984
27.25719	50.32048
27.26701	50.21105
27.27683	50.17328
27.28665	50.15734
27.29647	50.11601
27.30628	50.30904
27.3161	50.24099
27.32592	50.09727
27.33574	50.14724
27.34556	50.17398
27.35538	50.38765
27.3652	50.44995
27.37501	50.26185
27.38483	50.09114
27.39465	50.10937
27.40447	50.29219
27.41429	50.53397
27.42411	50.65062
27.43392	50.545
27.44374	50.28725
27.45356	49.96565
27.46338	50.16296
27.4732	50.3134
27.48302	50.49508
27.49284	50.28959
27.50265	50.1202
27.51247	50.09926
27.52229	50.05959
27.53211	50.04113
27.54193	50.22467
27.55175	50.27784
27.56157	50.27238
27.57138	50.41772
27.5812	50.41125
27.59102	50.40071
27.60084	50.4162
27.61066	50.09224
27.62048	50.05815
27.63029	50.03833
27.64011	50.0437
27.64993	49.99049
27.65975	49.86325
27.66957	49.72343
27.67939	49.88647
27.68921	49.85259
27.69902	49.90503
27.70884	49.79673
27.71866	49.63743
27.72848	49.72013
27.7383	49.65269
27.74812	49.79
27.75794	49.81774
27.76775	49.92979
27.77757	50.06481
27.78739	50.08138
27.79721	50.02988
27.80703	49.93112
27.81685	49.92697
27.82666	49.91747
27.83648	49.92962
27.8463	50.0429
27.85612	50.11892
27.86594	50.13005
27.87576	50.11446
27.88558	50.0189
27.89539	50.01299
27.90521	49.96033
27.91503	49.91962
27.92485	49.91358
27.93467	49.94237
27.94449	49.96834
27.95431	49.88626
27.96412	49.89164
27.97394	49.92534
27.98376	49.86267
27.99358	49.91822
28.0034	49.94472
28.01322	49.83605
28.02304	49.65047
28.03285	49.61501
28.04267	49.63415
28.05249	49.83264
28.06231	49.78757
28.07213	49.58088
28.08195	49.40824
28.09176	49.31782
28.10158	49.36423
28.1114	49.3997
28.12122	49.59003
28.13104	49.72004
28.14086	49.67854
28.15068	49.69521
28.16049	49.71367
28.17031	49.78139
28.18013	49.93084
28.18995	49.84216
28.19977	49.67913
28.20959	49.50252
28.21941	49.61263
28.22922	49.53947
28.23904	49.63595
28.24886	49.57033
28.25868	49.34299
28.2685	49.21415
28.27832	49.17079
28.28813	49.23145
28.29795	49.3101
28.30777	49.48857
28.31759	49.57727
28.32741	49.49587
28.33723	49.59449
28.34705	49.55242
28.35686	49.70427
28.36668	49.69415
28.3765	49.69561
28.38632	49.78072
28.39614	49.62918
28.40596	49.56969
28.41578	49.47764
28.42559	49.47023
28.43541	49.59952
28.44523	49.59938
28.45505	49.42911
28.46487	49.28794
28.47469	49.10021
28.4845	49.23882
28.49432	49.27873
28.50414	49.47169
28.51396	49.53888
28.52378	49.64106
28.5336	49.52104
28.54342	49.51025
28.55323	49.49347
28.56305	49.44456
28.57287	49.40989
28.58269	49.1987
28.59251	49.28962
28.60233	49.35222
28.61215	49.27194
28.62196	49.06357
28.63178	48.91215
28.6416	48.94062
28.65142	49.04399
28.66124	49.11312
28.67106	49.28784
28.68088	49.40084
28.69069	49.47361
28.70051	49.24297
28.71033	49.2242
28.72015	49.16667
28.72997	49.20179
28.73979	49.18263
28.7496	49.01859
28.75942	49.02002
28.76924	49.07178
28.77906	49.1843
28.78888	49.41552
28.7987	49.54351
28.80852	49.48864
28.81833	49.29835
28.82815	49.31075
28.83797	49.16213
28.84779	48.95328
28.85761	48.91947
28.86743	49.0309
28.87725	49.20691
28.88706	49.18172
28.89688	48.8524
28.9067	48.59488
28.91652	48.62995
28.92634	48.72635
28.93616	48.96053
28.94597	48.97272
28.95579	48.95237
28.96561	48.84377
28.97543	48.8872
28.98525	48.95983
28.99507	49.09391
29.00489	49.04322
29.0147	49.02575
29.02452	48.89425
29.03434	48.84859
29.04416	48.67005
29.05398	48.7271
29.0638	48.66372
29.07362	48.55127
29.08343	48.60921
29.09325	48.59644
29.10307	48.83265
29.11289	48.85854
29.12271	48.74471
29.13253	48.67071
29.14234	48.61787
29.15216	48.70936
29.16198	48.85115
29.1718	48.98586
29.18162	48.96703
29.19144	48.85487
29.20126	48.84853
29.21107	48.88242
29.22089	48.84126
29.23071	48.65128
29.24053	48.61503
29.25035	48.67844
29.26017	48.77385
29.26999	48.66775
29.2798	48.65105
29.28962	48.66595
29.29944	48.65358
29.30926	48.69471
29.31908	48.71908
29.3289	48.6677
29.33872	48.64489
29.34853	48.77973
29.35835	48.73482
29.36817	48.84934
29.37799	48.74833
29.38781	48.64722
29.39763	48.5762
29.40744	48.58722
29.41726	48.49159
29.42708	48.34779
29.4369	48.60845
29.44672	48.78416
29.45654	48.96943
29.46636	48.99655
29.47617	48.84713
29.48599	48.82269
29.49581	48.75146
29.50563	48.6575
29.51545	48.51446
29.52527	48.40789
29.53509	48.37939
29.5449	48.20432
29.55472	48.23823
29.56454	48.25029
29.57436	48.28324
29.58418	48.44177
29.594	48.37567
29.60381	48.38964
29.61363	48.37345
29.62345	48.38876
29.63327	48.5162
29.64309	48.65216
29.65291	48.63156
29.66273	48.61837
29.67254	48.69829
29.68236	48.8627
29.69218	48.97991
29.702	48.63883
29.71182	48.37323
29.72164	48.20555
29.73146	48.27816
29.74127	48.49217
29.75109	48.64814
29.76091	48.60179
29.77073	48.53213
29.78055	48.64456
29.79037	48.55865
29.80018	48.65456
29.81	48.40894
29.81982	48.37627
29.82964	48.18767
29.83946	48.1412
29.84928	48.34691
29.8591	48.62892
29.86891	48.7659
29.87873	48.72263
29.88855	48.54426
29.89837	48.47718
29.90819	48.26243
29.91801	48.13919
29.92783	48.12328
29.93764	48.15464
29.94746	48.18886
29.95728	48.23332
29.9671	48.2108
29.97692	48.15271
29.98674	48.15036
29.99655	48.07407
30.00637	48.22558
30.01619	48.125
30.02601	48.08302
30.03583	47.9186
30.04565	47.95684
30.05547	48.0663
30.06528	48.23565
30.0751	48.28395
30.08492	48.24652
30.09474	48.17024
30.10456	48.27677
30.11438	48.24934
30.1242	48.35713
30.13401	48.37642
30.14383	48.28819
30.15365	48.14145
30.16347	47.91446
30.17329	47.96596
30.18311	47.90461
30.19293	48.09154
30.20274	48.1207
30.21256	48.08578
30.22238	48.13375
30.2322	48.11552
30.24202	48.20253
30.25184	48.16423
30.26165	48.18724
30.27147	48.06104
30.28129	48.07314
30.29111	48.00981
30.30093	47.9898
30.31075	48.04045
30.32057	48.02658
30.33038	48.01459
30.3402	48.03985
30.35002	48.09286
30.35984	48.05811
30.36966	48.25453
30.37948	48.19487
30.3893	48.09622
30.39911	47.95721
30.40893	47.85828
30.41875	47.9715
30.42857	47.9872
30.43839	47.94592
30.44821	48.12675
30.45802	48.35698
30.46784	48.43396
30.47766	48.343
30.48748	48.15043
30.4973	48.0609
30.50712	48.16199
30.51694	48.14612
30.52675	47.92739
30.53657	47.86647
30.54639	47.72293
30.55621	47.71503
30.56603	47.6802
30.57585	47.86569
30.58567	47.89013
30.59548	47.84711
30.6053	47.65795
30.61512	47.54092
30.62494	47.62185
30.63476	47.60286
30.64458	47.58265
30.65439	47.56045
30.66421	47.58758
30.67403	47.56655
30.68385	47.38142
30.69367	47.44678
30.70349	47.57756
30.71331	47.62628
30.72312	47.66766
30.73294	47.71131
30.74276	47.98045
30.75258	48.23347
30.7624	48.32241
30.77222	48.06866
30.78204	47.95477
30.79185	47.88232
30.80167	47.80341
30.81149	47.7531
30.82131	47.82183
30.83113	47.98274
30.84095	47.83963
30.85077	47.90885
30.86058	47.64604
30.8704	47.74968
30.88022	47.74091
30.89004	47.86941
30.89986	47.83522
30.90968	47.88929
30.91949	47.7644
30.92931	47.87495
30.93913	47.94693
30.94895	48.00616
30.95877	47.92014
30.96859	47.76713
30.97841	47.6516
30.98822	47.75405
30.99804	47.82955
31.00786	47.80733
31.01768	47.78436
31.0275	47.79898
31.03732	47.57923
31.04714	47.50038
31.05695	47.48956
31.06677	47.69877
31.07659	47.87686
31.08641	47.86725
31.09623	47.75182
31.10605	47.75394
31.11586	47.79167
31.12568	47.79052
31.1355	47.78907
31.14532	47.8357
31.15514	47.98555
31.16496	48.05928
31.17478	48.02335
31.18459	47.95593
31.19441	47.81869
31.20423	47.75782
31.21405	47.65124
31.22387	47.75363
31.23369	47.55621
31.24351	47.56535
31.25332	47.78023
31.26314	47.90631
31.27296	48.02796
31.28278	47.83451
31.2926	47.81758
31.30242	47.6885
31.31223	47.5251
31.32205	47.38144
31.33187	47.44625
31.34169	47.67997
31.35151	47.84993
31.36133	47.84665
31.37115	47.84135
31.38096	47.66201
31.39078	47.7905
31.4006	47.83887
31.41042	47.86746
31.42024	47.67729
31.43006	47.44041
31.43988	47.28234
31.44969	47.39898
31.45951	47.31463
31.46933	47.10949
31.47915	46.76972
31.48897	46.7051
31.49879	46.87798
31.50861	46.96059
31.51842	47.02605
31.52824	47.14905
31.53806	47.09023
31.54788	47.10125
31.5577	46.93011
31.56752	46.80391
31.57733	46.76017
31.58715	46.77369
31.59697	46.80546
31.60679	46.76163
31.61661	46.68074
31.62643	46.5478
31.63625	46.63705
31.64606	46.6438
31.65588	46.72712
31.6657	46.69193
31.67552	46.7654
31.68534	46.45243
31.69516	46.27886
31.70498	46.31618
31.71479	46.34132
31.72461	46.45689
31.73443	46.54272
31.74425	46.53305
31.75407	46.44722
31.76389	46.23452
31.7737	46.14189
31.78352	46.20032
31.79334	46.415
31.80316	46.47241
31.81298	46.48909
31.8228	46.51329
31.83262	46.55068
31.84243	46.55254
31.85225	46.38742
31.86207	46.20436
31.87189	46.47219
31.88171	46.57817
31.89153	46.75591
31.90135	46.76358
31.91116	47.03272
31.92098	47.21358
31.9308	47.36086
31.94062	47.14608
31.95044	47.04678
31.96026	46.86212
31.97007	46.793
31.97989	46.66362
31.98971	46.61476
31.99953	46.56414
32.00935	46.67505
32.01917	46.77014
32.02899	46.84981
32.0388	46.88538
32.04862	46.98557
32.05844	46.88219
32.06826	46.87511
32.07808	46.85798
32.0879	46.94967
32.09772	47.00701
32.10753	47.07375
32.11735	47.02367
32.12717	47.17982
32.13699	47.31253
32.14681	47.37878
32.15663	47.17105
32.16645	47.08257
32.17626	46.98617
32.18608	47.03727
32.1959	47.13343
32.20572	47.21882
32.21554	47.2114
32.22536	47.17237
32.23517	47.23121
32.24499	47.22872
32.25481	47.30268
32.26463	47.23894
32.27445	47.44488
32.28427	47.43623
32.29409	47.48121
32.3039	47.38995
32.31372	47.20288
32.32354	47.11431
32.33336	47.26515
32.34318	47.26884
32.353	47.44739
32.36282	47.44187
32.37263	47.52379
32.38245	47.45026
32.39227	47.37861
32.40209	47.26034
32.41191	47.32964
32.42173	47.42633
32.43154	47.30147
32.44136	46.92302
32.45118	46.56367
32.461	46.55016
32.47082	46.92432
32.48064	47.10629
32.49046	47.09699
32.50027	47.0928
32.51009	47.02606
32.51991	47.18109
32.52973	47.08133
32.53955	47.21688
32.54937	47.21837
32.55919	47.11146
32.569	46.90224
32.57882	46.93671
32.58864	46.91237
32.59846	46.9468
32.60828	46.81571
32.6181	46.64914
32.62791	46.78242
32.63773	46.78416
32.64755	46.87723
32.65737	46.96926
32.66719	47.05036
32.67701	46.87992
32.68683	46.77671
32.69664	46.8385
32.70646	46.93277
32.71628	46.97993
32.7261	47.03578
32.73592	47.00824
32.74574	47.05164
32.75556	47.00935
32.76537	46.99624
32.77519	46.98211
32.78501	47.04266
32.79483	47.0103
32.80465	47.00253
32.81447	46.79544
32.82428	46.64707
32.8341	46.62896
32.84392	46.70408
32.85374	46.73745
32.86356	46.70574
32.87338	46.59931
32.8832	46.59901
32.89301	46.71144
32.90283	46.75206
32.91265	46.76893
32.92247	46.98963
32.93229	47.12007
32.94211	46.99297
32.95193	46.82785
32.96174	46.84827
32.97156	46.9196
32.98138	46.97718
32.9912	46.89081
33.00102	46.80007
33.01084	46.7487
33.02066	46.94478
33.03047	46.99632
33.04029	47.11729
33.05011	47.15837
33.05993	46.97102
33.06975	46.88161
33.07957	46.98464
33.08938	46.78413
33.0992	46.69996
33.10902	46.63138
33.11884	46.63298
33.12866	46.66556
33.13848	46.67822
33.1483	46.63218
33.15811	46.47388
33.16793	46.53083
33.17775	46.59727
33.18757	46.7031
33.19739	46.59921
33.20721	46.57721
33.21703	46.62326
33.22684	46.81292
33.23666	46.81689
33.24648	46.66792
33.2563	46.54853
33.26612	46.5545
33.27594	46.63292
33.28575	46.6655
33.29557	46.51122
33.30539	46.49247
33.31521	46.55421
33.32503	46.73759
33.33485	46.80558
33.34467	46.70501
33.35448	46.75743
33.3643	46.72474
33.37412	46.68818
33.38394	46.7404
33.39376	46.62242
33.40358	46.52443
33.4134	46.57671
33.42321	46.62907
33.43303	46.6154
33.44285	46.57505
33.45267	46.53047
33.46249	46.35844
33.47231	46.2382
33.48212	46.31955
33.49194	46.45016
33.50176	46.72297
33.51158	46.59231
33.5214	46.6891
33.53122	46.32166
33.54104	46.37455
33.55085	46.2104
33.56067	46.30378
33.57049	46.24759
33.58031	46.3043
33.59013	46.46513
33.59995	46.62319
33.60977	46.70973
33.61958	46.49407
33.6294	46.21542
33.63922	46.28257
33.64904	46.38928
33.65886	46.54523
33.66868	46.49348
33.6785	46.5216
33.68831	46.55758
33.69813	46.57932
33.70795	46.4789
33.71777	46.44625
33.72759	46.52254
33.73741	46.53568
33.74722	46.48081
33.75704	46.38489
33.76686	46.38891
33.77668	46.44592
33.7865	46.50948
33.79632	46.46513
33.80614	46.44383
33.81595	46.41859
33.82577	46.41889
33.83559	46.27464
33.84541	46.35031
33.85523	46.42065
33.86505	46.37397
33.87487	46.29022
33.88468	46.31284
33.8945	46.46663
33.90432	46.64669
33.91414	46.61414
33.92396	46.69304
33.93378	46.52484
33.94359	46.39552
33.95341	46.4143
33.96323	46.63275
33.97305	46.6785
33.98287	46.61
33.99269	46.50169
34.00251	46.48048
34.01232	46.35931
34.02214	46.26357
34.03196	46.24359
34.04178	46.32026
34.0516	46.52337
34.06142	46.49696
34.07124	46.57458
34.08105	46.68598
34.09087	46.67491
34.10069	46.69564
34.11051	46.40985
34.12033	46.40837
34.13015	46.34416
34.13996	46.44475
34.14978	46.32365
34.1596	46.25012
34.16942	46.2748
34.17924	46.32594
34.18906	46.24967
34.19888	46.07315
34.20869	46.15021
34.21851	46.24965
34.22833	46.32024
34.23815	46.32753
34.24797	46.37445
34.25779	46.54037
34.26761	46.38886
34.27742	46.31762
34.28724	46.21164
34.29706	46.22092
34.30688	46.2975
34.3167	46.28165
34.32652	46.27802
34.33634	46.23956
34.34615	46.25374
34.35597	46.35141
34.36579	46.3298
34.37561	46.40306
34.38543	46.52158
34.39525	46.58534
34.40506	46.42384
34.41488	46.23772
34.4247	46.07994
34.43452	46.00069
34.44434	46.0691
34.45416	46.19693
34.46398	46.49895
34.47379	46.76458
34.48361	46.70296
34.49343	46.52708
34.50325	46.45976
34.51307	46.4388
34.52289	46.47382
34.53271	46.32994
34.54252	46.05946
34.55234	45.82662
34.56216	45.85042
34.57198	46.2089
34.5818	46.29417
34.59162	46.19391
34.60143	46.18281
34.61125	46.17716
34.62107	46.15894
34.63089	45.99745
34.64071	45.99647
34.65053	46.14038
34.66035	46.29737
34.67016	46.22739
34.67998	46.25937
34.6898	46.176
34.69962	46.19659
34.70944	46.1244
34.71926	45.91235
34.72908	45.92757
34.73889	46.10369
34.74871	46.2026
34.75853	46.01339
34.76835	45.87463
34.77817	45.91039
34.78799	46.19146
34.7978	46.28326
34.80762	46.17946
34.81744	46.03428
34.82726	46.10124
34.83708	46.20782
34.8469	46.33261
34.85672	46.19993
34.86653	46.01821
34.87635	45.93743
34.88617	45.92622
34.89599	46.03696
34.90581	46.30213
34.91563	46.34203
34.92545	46.26331
34.93526	46.00906
34.94508	45.7896
34.9549	45.52512
34.96472	45.46735
34.97454	45.61362
34.98436	45.96424
34.99417	46.2016
35.00399	46.09309
35.01381	46.05073
35.02363	46.15072
35.03345	46.06473
35.04327	45.7584
35.05309	45.68509
35.0629	45.81332
35.07272	45.98981
35.08254	45.8659
35.09236	46.04255
35.10218	45.99158
35.112	45.84394
35.12182	45.74035
35.13163	45.88489
35.14145	46.18376
35.15127	46.20308
35.16109	46.09964
35.17091	45.99532
35.18073	46.10276
35.19055	46.14788
35.20036	46.12122
35.21018	46.15258
35.22	46.15585
35.22982	46.06416
35.23964	46.05118
35.24946	46.17917
35.25927	46.268
35.26909	46.18923
35.27891	46.10432
35.28873	46.00212
35.29855	46.06883
35.30837	45.993
35.31819	45.88031
35.328	45.81139
35.33782	45.95283
35.34764	45.91097
35.35746	45.95785
35.36728	45.93278
35.3771	45.95441
35.38692	45.64117
35.39673	45.47496
35.40655	45.35441
35.41637	45.88104
35.42619	46.17037
35.43601	46.38563
35.44583	46.07439
35.45564	45.83708
35.46546	45.63422
35.47528	45.70345
35.4851	45.82457
35.49492	45.91832
35.50474	45.95927
35.51456	45.89649
35.52437	45.7347
35.53419	45.73445
35.54401	45.85942
35.55383	45.89647
35.56365	45.6287
35.57347	45.33386
35.58329	45.33875
35.5931	45.47982
35.60292	46.51014
35.61274	46.89354
35.62256	47.02993
35.63238	46.45517
35.6422	46.29494
35.65201	45.76155
35.66183	45.9117
35.67165	45.94201
35.68147	46.07719
35.69129	46.05581
35.70111	46.10622
35.71093	46.04689
35.72074	46.13169
35.73056	46.08361
35.74038	46.36591
35.7502	46.56977
35.76002	46.55625
35.76984	45.80806
35.77966	45.66059
35.78947	45.65314
35.79929	45.68801
35.80911	45.64574
35.81893	45.52754
35.82875	45.38311
35.83857	45.49155
35.84839	45.54108
35.8582	45.80483
35.86802	45.91145
35.87784	45.89885
35.88766	45.54488
35.89748	45.39385
35.9073	45.40176
35.91711	45.64828
35.92693	45.67995
35.93675	45.56964
35.94657	45.51529
35.95639	45.67595
35.96621	45.92873
35.97603	46.09319
35.98584	45.88106
35.99566	45.72459
36.00548	45.62453
36.0153	45.62217
36.02512	45.45956
36.03494	45.56969
36.04476	45.70001
36.05457	45.89657
36.06439	45.74568
36.07421	45.59155
36.08403	45.61701
36.09385	45.80457
36.10367	45.95766
36.11348	45.90953
36.1233	45.63935
36.13312	45.56788
36.14294	45.4365
36.15276	45.41447
36.16258	45.4606
36.1724	45.70115
36.18221	45.826
36.19203	45.62927
36.20185	45.44095
36.21167	45.3899
36.22149	45.49909
36.23131	45.53244
36.24113	45.53896
36.25094	45.37437
36.26076	45.5246
36.27058	45.51295
36.2804	45.4642
36.29022	45.37573
36.30004	45.38209
36.30985	45.33334
36.31967	45.44946
36.32949	45.67684
36.33931	45.76781
36.34913	45.79006
36.35895	45.86758
36.36877	46.09846
36.37858	46.14396
36.3884	45.89772
36.39822	45.60247
36.40804	45.62167
36.41786	45.76241
36.42768	45.75813
36.4375	45.69853
36.44731	45.53789
36.45713	45.4185
36.46695	45.33279
36.47677	45.47455
36.48659	45.39037
36.49641	45.58308
36.50623	45.65148
36.51604	45.72149
36.52586	45.69592
36.53568	45.64853
36.5455	45.43289
36.55532	45.35873
36.56514	45.55027
36.57495	45.66597
36.58477	45.57966
36.59459	45.41713
36.60441	45.4197
36.61423	45.29473
36.62405	45.1356
36.63387	44.9622
36.64368	45.06123
36.6535	45.26303
36.66332	45.37531
36.67314	45.52388
36.68296	45.48628
36.69278	45.28523
36.7026	44.97846
36.71241	45.02067
36.72223	44.83208
36.73205	44.56248
36.74187	44.27787
36.75169	44.47259
36.76151	44.69876
36.77132	44.88898
36.78114	44.74367
36.79096	44.6174
36.80078	44.74775
36.8106	44.68752
36.82042	44.54678
36.83024	44.52836
36.84005	44.6148
36.84987	44.50487
36.85969	44.47797
36.86951	44.28879
36.87933	44.27
36.88915	44.11318
36.89897	44.16854
36.90878	44.16603
36.9186	44.30973
36.92842	44.44968
36.93824	44.61588
36.94806	44.90325
36.95788	45.15104
36.96769	45.30431
36.97751	45.10622
36.98733	45.13459
36.99715	45.20903
37.00697	45.26357
37.01679	45.21533
37.02661	45.2453
37.03642	44.98444
37.04624	44.83749
37.05606	44.98188
37.06588	45.09481
37.0757	45.07496
37.08552	45.12515
37.09534	45.24224
37.10515	45.26083
37.11497	45.03029
37.12479	45.10909
37.13461	45.2879
37.14443	45.34584
37.15425	45.1596
37.16407	45.20042
37.17388	45.43064
37.1837	45.4426
37.19352	45.30446
37.20334	45.10012
37.21316	45.20644
37.22298	45.40255
37.23279	45.40931
37.24261	45.43666
37.25243	45.54777
37.26225	45.56853
37.27207	45.32125
37.28189	45.26352
37.29171	45.41235
37.30152	45.73339
37.31134	45.88152
37.32116	45.8961
37.33098	45.72983
37.3408	45.44566
37.35062	45.13678
37.36044	45.04042
37.37025	45.18576
37.38007	45.14917
37.38989	45.2673
37.39971	45.32339
37.40953	45.3769
37.41935	45.49687
37.42916	45.43194
37.43898	45.44309
37.4488	45.37568
37.45862	45.52265
37.46844	45.60734
37.47826	45.64564
37.48808	45.3213
37.49789	45.34632
37.50771	45.37347
37.51753	45.67474
37.52735	45.49146
37.53717	45.3027
37.54699	45.12863
37.55681	45.28858
37.56662	45.37636
37.57644	45.09936
37.58626	45.21987
37.59608	45.46948
37.6059	45.41474
37.61572	45.24893
37.62553	45.1081
37.63535	45.18666
37.64517	45.39251
37.65499	45.68512
37.66481	45.54461
37.67463	45.36038
37.68445	45.25149
37.69426	45.47486
37.70408	45.54105
37.7139	45.28983
37.72372	45.19149
37.73354	45.47907
37.74336	45.66524
37.75318	45.79502
37.76299	45.51904
37.77281	45.35714
37.78263	45.31015
37.79245	45.17741
37.80227	45.04181
37.81209	45.16523
37.8219	45.44056
37.83172	45.69309
37.84154	45.55555
37.85136	45.32088
37.86118	45.26469
37.871	45.38057
37.88082	45.45698
37.89063	45.36489
37.90045	45.39088
37.91027	45.61425
37.92009	45.76893
37.92991	45.78814
37.93973	45.75988
37.94955	45.77882
37.95936	45.86806
37.96918	45.9039
37.979	45.9382
37.98882	45.87892
37.99864	45.80487
38.00846	45.68892
38.01828	45.92531
38.02809	46.05179
38.03791	46.04309
38.04773	46.15644
38.05755	46.33421
38.06737	46.19012
38.07719	46.16388
38.087	46.05799
38.09682	46.08796
38.10664	46.20876
38.11646	46.32025
38.12628	46.35466
38.1361	46.33158
38.14592	46.25649
38.15573	45.98549
38.16555	45.96491
38.17537	46.07974
38.18519	46.26023
38.19501	46.11642
38.20483	46.12378
38.21465	46.0862
38.22446	46.13731
38.23428	46.27369
38.2441	46.34015
38.25392	46.3684
38.26374	46.59159
38.27356	46.63239
38.28337	46.41119
38.29319	46.3269
38.30301	46.16704
38.31283	46.49
38.32265	46.48267
38.33247	46.48206
38.34229	46.37669
38.3521	46.37713
38.36192	46.39957
38.37174	46.38145
38.38156	46.47165
38.39138	46.57037
38.4012	46.80076
38.41102	46.90575
38.42083	46.82076
38.43065	46.69582
38.44047	46.71146
38.45029	46.66773
38.46011	46.45218
38.46993	46.43185
38.47974	46.66387
38.48956	46.9504
38.49938	46.92332
38.5092	46.90223
38.51902	46.97412
38.52884	47.06569
38.53866	47.05956
38.54847	47.11863
38.55829	47.0984
38.56811	46.91164
38.57793	46.97498
38.58775	47.11602
38.59757	47.21029
38.60739	46.96575
38.6172	46.79276
38.62702	46.66905
38.63684	46.64093
38.64666	46.67038
38.65648	46.76005
38.6663	46.58589
38.67612	46.65994
38.68593	46.82006
38.69575	46.83602
38.70557	46.87202
38.71539	46.87207
38.72521	46.87967
38.73503	46.8938
38.74484	46.69411
38.75466	46.49125
38.76448	46.48552
38.7743	46.67383
38.78412	46.75671
38.79394	46.94259
38.80376	46.95049
38.81357	47.05836
38.82339	46.85585
38.83321	47.13479
38.84303	47.12962
38.85285	47.25258
38.86267	47.1692
38.87249	47.22367
38.8823	47.02885
38.89212	46.9329
38.90194	46.85107
38.91176	47.11364
38.92158	47.35897
38.9314	47.30922
38.94121	47.34068
38.95103	47.28466
38.96085	47.19025
38.97067	47.00098
38.98049	47.10056
38.99031	47.19328
39.00013	47.29409
39.00994	47.31368
39.01976	47.28667
39.02958	47.37582
39.0394	47.15395
39.04922	46.8225
39.05904	46.86744
39.06886	47.06414
39.07867	47.0577
39.08849	46.96313
39.09831	46.5551
39.10813	46.75366
39.11795	46.93916
39.12777	47.04286
39.13758	47.26743
39.1474	47.60462
39.15722	47.58704
39.16704	47.42484
39.17686	47.075
39.18668	46.76875
39.1965	46.86724
39.20631	47.02169
39.21613	47.15799
39.22595	47.03664
39.23577	46.95395
39.24559	47.14704
39.25541	47.22338
39.26523	47.33096
39.27504	47.00926
39.28486	47.14729
39.29468	47.01714
39.3045	47.07524
39.31432	46.97765
39.32414	47.17538
39.33396	47.0543
39.34377	47.4057
39.35359	47.37346
39.36341	47.43164
39.37323	47.34031
39.38305	47.30392
39.39287	47.34406
39.40268	47.58781
39.4125	47.53013
39.42232	47.39294
39.43214	47.24417
39.44196	47.01834
39.45178	46.96632
39.4616	47.08332
39.47141	47.22606
39.48123	47.27655
39.49105	47.33191
39.50087	47.31841
39.51069	47.6487
39.52051	48.03804
39.53033	48.05777
39.54014	47.71132
39.54996	47.49348
39.55978	47.372
39.5696	47.29728
39.57942	47.24664
39.58924	47.24091
39.59905	47.33194
39.60887	47.38247
39.61869	47.4943
39.62851	47.3724
39.63833	47.44183
39.64815	47.55754
39.65797	47.84062
39.66778	47.58068
39.6776	47.58673
39.68742	47.40654
39.69724	47.3662
39.70706	47.14404
39.71688	47.34063
39.7267	47.62688
39.73651	47.43901
39.74633	47.3896
39.75615	47.25565
39.76597	47.30217
39.77579	47.37664
39.78561	47.57835
39.79542	47.59098
39.80524	47.70646
39.81506	47.55085
39.82488	47.36039
39.8347	47.23714
39.84452	47.30909
39.85434	47.36169
39.86415	47.46511
39.87397	47.63155
39.88379	47.59285
39.89361	47.61922
39.90343	47.77674
39.91325	47.95215
39.92307	48.03194
39.93288	48.02677
39.9427	48.17271
39.95252	48.22906
39.96234	48.07083
39.97216	47.85437
39.98198	47.91847
39.99179	47.82415
40.00161	47.74133
40.01143	47.70118
40.02125	47.72515
40.03107	47.68191
40.04089	47.77697
40.05071	47.85561
40.06052	48.06004
40.07034	47.9595
40.08016	47.88181
40.08998	47.94372
40.0998	48.11971
40.10962	48.11802
40.11944	47.96215
40.12925	47.90844
40.13907	47.82458
40.14889	47.71162
40.15871	47.83891
40.16853	47.8975
40.17835	47.88885
40.18817	47.99546
40.19798	47.945
40.2078	47.84513
40.21762	47.70173
40.22744	47.89432
40.23726	48.20768
40.24708	48.22585
40.25689	48.05217
40.26671	48.13613
40.27653	47.8723
40.28635	47.86232
40.29617	47.86874
40.30599	48.1785
40.31581	48.24853
40.32562	48.09388
40.33544	47.81999
40.34526	47.75518
40.35508	47.95845
40.3649	48.18596
40.37472	48.04369
40.38454	47.98953
40.39435	47.83784
40.40417	47.68805
40.41399	47.66661
40.42381	47.79004
40.43363	48.07562
40.44345	48.1649
40.45326	48.10243
40.46308	47.78859
40.4729	48.07122
40.48272	48.41146
40.49254	48.55325
40.50236	48.50731
40.51218	48.28286
40.52199	48.19762
40.53181	48.168
40.54163	48.21332
40.55145	48.15191
40.56127	47.99343
40.57109	47.92856
40.58091	48.19827
40.59072	48.21701
40.60054	48.14871
40.61036	48.03944
40.62018	48.09441
40.63	48.14697
40.63982	48.24751
40.64963	48.35174
40.65945	48.41506
40.66927	48.27483
40.67909	48.30705
40.68891	48.17787
40.69873	48.01907
40.70855	47.92001
40.71836	48.33466
40.72818	48.50242
40.738	48.48415
40.74782	48.18521
40.75764	47.92599
40.76746	47.89817
40.77728	47.86768
40.78709	48.05249
40.79691	48.0485
40.80673	48.13811
40.81655	48.32737
40.82637	48.56601
40.83619	48.60802
40.84601	48.65336
40.85582	48.7451
40.86564	48.62358
40.87546	48.63084
40.88528	48.61328
40.8951	48.57761
40.90492	48.56639
40.91473	48.6823
40.92455	48.62634
40.93437	48.5694
40.94419	48.61295
40.95401	48.72796
40.96383	48.64175
40.97365	48.53328
40.98346	48.48271
40.99328	48.37992
41.0031	48.47739
41.01292	48.50464
41.02274	48.65744
41.03256	48.93046
41.04238	48.98167
41.05219	48.74347
41.06201	48.44981
41.07183	48.48247
41.08165	48.24291
41.09147	47.98211
41.10129	47.80075
41.1111	48.05557
41.12092	48.23732
41.13074	48.35581
41.14056	48.15333
41.15038	47.7729
41.1602	47.76536
41.17002	47.75701
41.17983	47.75113
41.18965	47.64845
41.19947	47.92176
41.20929	48.03966
41.21911	47.65166
41.22893	47.38976
41.23875	47.27833
41.24856	47.06807
41.25838	46.98632
41.2682	47.01704
41.27802	47.1907
41.28784	47.35662
41.29766	47.24453
41.30747	47.00811
41.31729	47.0805
41.32711	47.25276
41.33693	47.60378
41.34675	47.60917
41.35657	47.39283
41.36639	47.1511
41.3762	47.05252
41.38602	47.23495
41.39584	47.53231
41.40566	47.31177
41.41548	46.95657
41.4253	46.87393
41.43512	46.95481
41.44493	46.85096
41.45475	46.75017
41.46457	46.90913
41.47439	46.94484
41.48421	46.83849
41.49403	47.0079
41.50385	47.26036
41.51366	47.42523
41.52348	47.35849
41.5333	47.22437
41.54312	47.01311
41.55294	47.05662
41.56276	47.21509
41.57257	47.33567
41.58239	46.86486
41.59221	46.71378
41.60203	46.89084
41.61185	47.15697
41.62167	46.92542
41.63149	46.75469
41.6413	46.69474
41.65112	46.72043
41.66094	47.00706
41.67076	47.25286
41.68058	47.28407
41.6904	47.07162
41.70022	46.90141
41.71003	46.90986
41.71985	47.02833
41.72967	46.89588
41.73949	46.95702
41.74931	47.09694
41.75913	47.20952
41.76894	47.04021
41.77876	46.86404
41.78858	46.65453
41.7984	46.70785
41.80822	46.95923
41.81804	47.02767
41.82786	46.93659
41.83767	46.61187
41.84749	46.45423
41.85731	46.68509
41.86713	46.93039
41.87695	47.23426
41.88677	47.23296
41.89659	47.04476
41.9064	46.87735
41.91622	46.6618
41.92604	46.42875
41.93586	46.13046
41.94568	46.20505
41.9555	46.34249
41.96531	46.6095
41.97513	46.92767
41.98495	47.08891
41.99477	46.78143
42.00459	46.28742
42.01441	46.1678
42.02423	46.63464
42.03404	46.77983
42.04386	46.52253
42.05368	46.33049
42.0635	46.49488
42.07332	46.81104
42.08314	46.87648
42.09296	46.96899
42.10277	47.20979
42.11259	47.28206
42.12241	47.05965
42.13223	46.68736
42.14205	46.853
42.15187	46.85643
42.16168	46.67435
42.1715	46.23048
42.18132	46.42728
42.19114	46.75195
42.20096	47.10757
42.21078	47.24065
42.2206	47.05058
42.23041	46.58262
42.24023	46.29723
42.25005	46.7265
42.25987	46.73803
42.26969	46.65582
42.27951	46.48026
42.28933	46.46618
42.29914	46.5305
42.30896	46.3356
42.31878	46.69681
42.3286	46.92718
42.33842	47.19697
42.34824	46.86058
42.35806	46.42011
42.36787	46.34399
42.37769	46.6686
42.38751	46.64806
42.39733	46.6528
42.40715	46.89024
42.41697	47.37538
42.42678	47.22121
42.4366	46.99518
42.44642	46.70501
42.45624	46.70631
42.46606	46.479
42.47588	46.37506
42.4857	46.57222
42.49551	46.88075
42.50533	47.16944
42.51515	47.02197
42.52497	46.83997
42.53479	46.50011
42.54461	46.32348
42.55443	46.09492
42.56424	46.34987
42.57406	46.43089
42.58388	46.55956
42.5937	46.56953
42.60352	46.50223
42.61334	46.52271
42.62315	46.75716
42.63297	46.85433
42.64279	46.84901
42.65261	46.7586
42.66243	46.69728
42.67225	46.98404
42.68207	47.08362
42.69188	46.46944
42.7017	46.24409
42.71152	46.4706
42.72134	46.71582
42.73116	46.70814
42.74098	46.52288
42.7508	46.53148
42.76061	46.43878
42.77043	46.40194
42.78025	46.49084
42.79007	46.50827
42.79989	46.31396
42.80971	46.054
42.81952	45.71607
42.82934	45.84839
42.83916	46.18387
42.84898	46.5425
42.8588	46.56929
42.86862	46.35344
42.87844	46.23909
42.88825	46.10329
42.89807	46.18061
42.90789	46.31978
42.91771	46.23609
42.92753	46.55558
42.93735	46.49212
42.94717	46.39191
42.95698	46.35143
42.9668	46.36642
42.97662	46.60303
42.98644	46.82305
42.99626	47.00092
43.00608	46.99846
43.0159	47.04556
43.02571	46.82651
43.03553	46.56266
43.04535	46.53907
43.05517	46.2542
43.06499	46.20385
43.07481	46.38742
43.08462	46.12925
43.09444	45.81076
43.10426	45.69831
43.11408	45.79702
43.1239	46.22101
43.13372	46.15168
43.14354	45.80569
43.15335	45.91896
43.16317	46.25009
43.17299	46.52406
43.18281	46.58284
43.19263	46.37192
43.20245	46.41039
43.21227	46.6054
43.22208	46.78782
43.2319	46.28749
43.24172	45.98017
43.25154	46.12217
43.26136	46.55696
43.27118	46.67222
43.28099	46.82272
43.29081	46.96335
43.30063	46.85133
43.31045	46.49098
43.32027	46.00472
43.33009	45.71275
43.33991	46.09864
43.34972	46.51506
43.35954	46.84782
43.36936	46.88636
43.37918	47.01837
43.389	46.90777
43.39882	46.75301
43.40864	46.59443
43.41845	46.57303
43.42827	46.33924
43.43809	46.06147
43.44791	46.02435
43.45773	46.41776
43.46755	46.28077
43.47736	45.96183
43.48718	45.9253
43.497	46.01895
43.50682	46.05063
43.51664	45.80789
43.52646	45.69239
43.53628	45.69005
43.54609	45.79742
43.55591	46.03176
43.56573	45.98894
43.57555	45.81353
43.58537	46.1172
43.59519	46.45933
43.60501	46.6668
43.61482	46.44561
43.62464	46.19646
43.63446	45.99423
43.64428	46.32311
43.6541	46.41058
43.66392	46.36213
43.67374	46.26391
43.68355	45.90778
43.69337	45.92117
43.70319	46.17949
43.71301	46.54434
43.72283	46.56392
43.73265	46.31797
43.74246	45.88436
43.75228	45.88884
43.7621	45.85175
43.77192	45.84572
43.78174	46.02627
43.79156	46.54504
43.80138	46.74953
43.81119	46.53226
43.82101	46.23907
43.83083	46.08387
43.84065	45.92274
43.85047	46.42559
43.86029	46.67036
43.87011	46.59611
43.87992	46.06158
43.88974	45.95629
43.89956	46.24287
43.90938	46.21191
43.9192	46.02091
43.92902	45.62769
43.93883	45.5085
43.94865	45.7416
43.95847	46.29943
43.96829	46.25127
43.97811	46.43327
43.98793	46.10271
43.99775	45.88427
44.00756	45.90067
44.01738	46.41968
44.0272	46.53898
44.03702	46.04676
44.04684	45.86928
44.05666	45.75607
44.06648	45.43029
44.07629	45.23407
44.08611	45.36034
44.09593	45.5452
44.10575	45.50538
44.11557	45.66269
44.12539	45.87347
44.1352	46.25594
44.14502	46.3026
44.15484	46.27388
44.16466	46.31698
44.17448	46.59581
44.1843	46.38452
44.19412	46.21004
44.20393	45.84954
44.21375	45.75259
44.22357	45.85004
44.23339	45.95373
44.24321	46.33681
44.25303	46.49831
44.26285	46.11028
44.27266	45.92547
44.28248	46.08132
44.2923	46.47432
44.30212	46.53714
44.31194	46.41587
44.32176	46.45146
44.33158	46.31874
44.34139	45.90816
44.35121	45.96262
44.36103	46.11903
44.37085	46.60356
44.38067	46.34032
44.39049	46.46944
44.4003	46.07961
44.41012	46.04311
44.41994	46.30543
44.42976	46.52767
44.43958	46.30236
44.4494	46.11522
44.45922	46.08978
44.46903	45.84707
44.47885	46.11371
44.48867	46.28108
44.49849	46.47864
44.50831	45.96225
44.51813	45.7702
44.52795	45.63572
44.53776	45.63208
44.54758	46.03542
44.5574	46.57414
44.56722	46.59269
44.57704	45.7638
44.58686	45.72779
44.59667	45.90863
44.60649	46.38518
44.61631	46.25445
44.62613	46.0024
44.63595	46.01297
44.64577	46.09817
44.65559	45.91734
44.6654	45.93241
44.67522	46.40689
44.68504	46.63033
44.69486	46.708
44.70468	46.43954
44.7145	45.8945
44.72432	45.51432
44.73413	45.83386
44.74395	46.00984
44.75377	46.24525
44.76359	46.45338
44.77341	46.34324
44.78323	45.94385
44.79304	45.80239
44.80286	45.85397
44.81268	45.6592
44.8225	45.73761
44.83232	45.71656
44.84214	45.83015
44.85196	46.07082
44.86177	45.90462
44.87159	45.94326
44.88141	45.59462
44.89123	45.36385
44.90105	45.41409
44.91087	46.00428
44.92069	46.18084
44.9305	46.37642
44.94032	46.04658
44.95014	46.0677
44.95996	46.00393
44.96978	46.16713
44.9796	46.29575
44.98941	46.10187
44.99923	45.97769
45.00905	46.09195
45.01887	46.31657
45.02869	46.0097
45.03851	45.56483
45.04833	45.80899
45.05814	45.99083
45.06796	45.73605
45.07778	45.55804
45.0876	45.79539
45.09742	46.24756
45.10724	46.34903
45.11706	46.35083
45.12687	46.23738
45.13669	46.62443
45.14651	46.68719
45.15633	46.30071
45.16615	45.66448
45.17597	45.49956
45.18579	45.67195
45.1956	46.06004
45.20542	46.37501
45.21524	46.26793
45.22506	45.94163
45.23488	46.29515
45.2447	46.33105
45.25451	46.3157
45.26433	46.15308
45.27415	46.08135
45.28397	45.84087
45.29379	45.95629
45.30361	46.21103
45.31343	46.80301
45.32324	46.55016
45.33306	46.40212
45.34288	46.42467
45.3527	46.40324
45.36252	46.30243
45.37234	46.14885
45.38216	46.1511
45.39197	46.37672
45.40179	46.66322
45.41161	46.31388
45.42143	45.9964
45.43125	46.44361
45.44107	46.49961
45.45088	46.61086
45.4607	46.53717
45.47052	46.39014
45.48034	46.53466
45.49016	46.82073
45.49998	47.46006
45.5098	46.99794
45.51961	46.95192
45.52943	47.20146
45.53925	46.96347
45.54907	46.52861
45.55889	46.29891
45.56871	46.21129
45.57853	46.03111
45.58834	46.27357
45.59816	46.42475
45.60798	46.70474
45.6178	46.47931
45.62762	46.36529
45.63744	46.51094
45.64725	46.71748
45.65707	46.74717
45.66689	46.83812
45.67671	47.16783
45.68653	46.74992
45.69635	46.36755
45.70617	46.32338
45.71598	46.5153
45.7258	46.62812
45.73562	46.2575
45.74544	45.97692
45.75526	46.03365
45.76508	46.43515
45.7749	46.95744
45.78471	46.95253
45.79453	47.00726
45.80435	46.72334
45.81417	46.31489
45.82399	45.66425
45.83381	45.54026
45.84363	45.95758
45.85344	46.34099
45.86326	46.477
45.87308	46.35038
45.8829	46.42528
45.89272	46.60605
45.90254	46.95608
45.91235	47.24554
45.92217	46.93721
45.93199	46.79254
45.94181	46.693
45.95163	46.4384
45.96145	45.97611
45.97127	45.8583
45.98108	46.24981
45.9909	46.65636
46.00072	46.80403
46.01054	46.64584
46.02036	46.41631
46.03018	45.78411
46.04	46.19068
46.04981	45.63983
46.05963	44.90842
46.06945	45.3756
46.07927	46.77821
46.08909	46.9989
46.09891	46.42588
46.10872	46.38812
46.11854	46.90688
46.12836	46.94342
46.13818	46.23795
46.148	46.10933
46.15782	46.43099
46.16764	46.61399
46.17745	46.96306
46.18727	46.86728
46.19709	46.32083
46.20691	45.52429
46.21673	45.80373
46.22655	46.23944
46.23637	46.2518
46.24618	46.26471
46.256	46.08541
46.26582	46.4321
46.27564	46.36221
46.28546	46.32569
46.29528	46.17101
46.30509	46.0684
46.31491	45.9769
46.32473	46.75996
46.33455	46.92533
46.34437	46.50918
46.35419	46.59262
46.36401	47.06948
46.37382	47.26992
46.38364	47.38247
46.39346	46.74331
46.40328	45.84472
46.4131	45.95494
46.42292	46.24343
46.43274	45.98206
46.44255	46.09567
46.45237	46.47681
46.46219	46.50765
46.47201	46.61777
46.48183	46.77523
46.49165	46.64711
46.50147	46.91283
46.51128	47.35614
46.5211	47.34436
46.53092	47.02264
46.54074	46.75387
46.55056	46.80804
46.56038	46.60984
46.57019	46.40928
46.58001	46.23533
46.58983	46.33251
46.59965	46.40111
46.60947	46.34839
46.61929	46.18863
46.62911	45.98608
46.63892	46.47639
46.64874	47.01387
46.65856	47.1031
46.66838	46.98974
46.6782	46.87207
46.68802	46.41043
46.69784	46.73931
46.70765	46.66582
46.71747	45.81089
46.72729	45.92085
46.73711	46.29144
46.74693	46.67802
46.75675	46.86166
46.76656	46.59187
46.77638	45.88646
46.7862	45.66397
46.79602	46.20438
46.80584	45.97571
46.81566	45.85183
46.82548	46.03557
46.83529	46.35279
46.84511	46.87573
46.85493	47.32416
46.86475	47.36433
46.87457	46.755
46.88439	46.71038
46.89421	46.57025
46.90402	46.52258
46.91384	46.46049
46.92366	46.0823
46.93348	46.0001
46.9433	46.47638
46.95312	46.51957
46.96293	46.74418
46.97275	46.68376
46.98257	46.6552
46.99239	46.49806
47.00221	46.65107
47.01203	46.43232
47.02185	46.13384
47.03166	45.73268
47.04148	45.52377
47.0513	46.0974
47.06112	46.82928
47.07094	47.37626
47.08076	47.42456
47.09058	47.0142
47.10039	46.59201
47.11021	46.38013
47.12003	46.54055
47.12985	46.92972
47.13967	46.93557
47.14949	47.00445
47.1593	47.21606
47.16912	46.32984
47.17894	45.95811
47.18876	46.13014
47.19858	46.01991
47.2084	46.30245
47.21822	46.3357
47.22803	46.55468
47.23785	46.91155
47.24767	46.02748
47.25749	45.73874
47.26731	45.96759
47.27713	46.84516
47.28695	46.823
47.29676	46.6157
47.30658	46.16257
47.3164	45.71115
47.32622	46.0997
47.33604	46.04156
47.34586	45.94897
47.35568	46.77988
47.36549	47.43574
47.37531	47.3392
47.38513	46.13925
47.39495	44.95249
47.40477	44.94471
47.41459	46.21893
47.4244	47.29385
47.43422	46.67185
47.44404	46.8182
47.45386	47.14223
47.46368	46.39535
47.4735	46.34378
47.48332	46.28544
47.49313	45.93738
47.50295	46.1336
47.51277	46.92489
47.52259	47.31207
47.53241	47.25571
47.54223	46.51207
47.55205	45.88073
47.56186	45.68272
47.57168	45.77477
47.5815	45.42018
47.59132	45.21142
47.60114	45.97315
47.61096	46.68227
47.62077	46.57074
47.63059	46.15461
47.64041	45.8695
47.65023	46.12596
47.66005	46.29741
47.66987	46.24126
47.67969	46.63964
47.6895	46.97385
47.69932	47.09455
47.70914	46.63056
47.71896	46.14013
47.72878	45.8175
47.7386	46.0167
47.74842	46.46753
47.75823	46.73782
47.76805	46.93048
47.77787	46.97388
47.78769	46.61507
47.79751	46.47202
47.80733	46.16447
47.81714	46.51451
47.82696	46.51987
47.83678	46.61402
47.8466	46.44437
47.85642	47.07552
47.86624	47.13079
47.87606	47.63856
47.88587	47.29897
47.89569	47.20887
47.90551	46.40225
47.91533	45.75885
47.92515	46.04561
47.93497	46.41004
47.94479	47.48739
47.9546	47.07319
47.96442	45.11796
47.97424	44.77614
47.98406	46.69924
47.99388	46.95799
48.0037	45.89198
48.01352	45.53752
48.02333	45.90947
48.03315	46.07455
48.04297	46.09137
48.05279	45.6102
48.06261	45.37172
48.07243	46.40626
48.08224	47.17965
48.09206	47.42223
48.10188	47.29821
48.1117	47.41526
48.12152	47.16697
48.13134	47.11329
48.14116	46.93345
48.15097	46.60358
48.16079	46.67345
48.17061	47.02049
48.18043	46.58919
48.19025	45.33253
48.20007	44.80561
48.20989	46.17458
48.2197	47.37243
48.22952	47.48622
48.23934	46.75352
48.24916	45.53794
48.25898	45.42587
48.2688	45.83602
48.27861	45.71288
48.28843	45.74657
48.29825	45.41112
48.30807	45.82359
48.31789	46.03482
48.32771	46.48121
48.33753	47.47889
48.34734	47.91372
48.35716	47.58611
48.36698	46.00978
48.3768	46.29097
48.38662	47.31253
48.39644	48.03516
48.40626	47.99496
48.41607	47.315
48.42589	47.79372
48.43571	47.93655
48.44553	46.75011
48.45535	46.58801
48.46517	45.76318
48.47498	44.72557
48.4848	45.41937
48.49462	46.35442
48.50444	46.70147
48.51426	46.94801
48.52408	46.00327
48.5339	45.73875
48.54371	46.44613
48.55353	47.83264
48.56335	48.11582
48.57317	47.67641
48.58299	47.86057
48.59281	47.42727
48.60263	46.81289
48.61244	46.84746
48.62226	46.13944
48.63208	46.3017
48.6419	47.03526
48.65172	46.80322
48.66154	46.02191
48.67136	45.24268
48.68117	46.00006
48.69099	47.37449
48.70081	48.32987
48.71063	48.16583
48.72045	47.0199
48.73027	47.40833
48.74008	48.02593
48.7499	47.30778
48.75972	46.90419
48.76954	47.05872
48.77936	47.23084
48.78918	46.07167
48.799	46.10465
48.80881	47.90446
48.81863	48.20893
48.82845	48.78862
48.83827	48.83902
48.84809	48.26373
48.85791	48.49062
48.86773	48.43843
48.87754	46.78084
48.88736	46.92016
48.89718	49.66259
48.907	49.09842
48.91682	46.70514
48.92664	46.80102
48.93645	47.55439
48.94627	48.27172
48.95609	48.73331
48.96591	47.48034
48.97573	47.96558
48.98555	49.03663
48.99537	48.75163
49.00518	48.86494
49.015	47.29177
49.02482	45.95624
49.03464	46.85546
49.04446	48.74413
49.05428	50.27398
49.0641	49.46054
49.07391	47.73484
49.08373	47.25723
49.09355	47.10664
49.10337	46.12251
49.11319	46.05968
49.12301	46.13415
49.13282	46.516
49.14264	48.58549
49.15246	49.04982
49.16228	49.26967
49.1721	47.99189
49.18192	47.57003
49.19174	49.57287
49.20155	49.04547
49.21137	47.21828
49.22119	47.12896
49.23101	46.34132
49.24083	45.74405
49.25065	46.38021
49.26047	48.6676
49.27028	48.59668
49.2801	47.70504
49.28992	47.66281
49.29974	47.88522
49.30956	47.82531
49.31938	48.34102
49.32919	48.28184
49.33901	48.01348
49.34883	48.46674
49.35865	53.22169
49.36847	52.06501
49.37829	46.77711
49.38811	46.93355
49.39792	49.21655
49.40774	52.44939
49.41756	55.48528
49.42738	51.3651
49.4372	46.82838
49.44702	48.43543
49.45684	49.55194
49.46665	46.66549
49.47647	46.91005
49.48629	48.24992
49.49611	49.54835
49.50593	51.63403
49.51575	46.70818
